100
97 21 77
6 53 2
22 51 96
6 5 91
77 87 78
16 76 51
53 31 54
7 77 18
77 52 39
74 4 80
70 29 36
10 83 1
37 2 23
95 27 27
21 65 7
31 97 86
92 7 28
53 56 29
33 27 8
95 16 89
97 10 63
51 100 61
87 55 63
36 65 4
32 13 23
83 77 21
91 72 90
76 63 24
9 25 88
58 90 72
100 57 37
43 15 78
44 45 16
29 42 41
10 34 45
69 81 46
97 77 2
18 88 67
98 60 45
24 87 5
1 16 34
93 83 51
31 64 82
9 60 58
15 9 16
97 10 92
12 70 78
79 22 29
85 74 32
49 29 86
63 37 91
85 54 40
79 100 12
41 29 21
81 92 14
80 35 85
64 20 23
11 36 43
14 32 29
86 50 58
21 39 5
54 69 39
93 61 51
98 15 97
73 31 17
96 5 34
77 67 52
71 91 85
91 100 55
57 36 69
5 49 49
27 80 8
74 45 48
92 37 14
17 17 42
77 96 53
69 54 89
67 69 60
35 73 42
57 10 33
72 25 84
29 78 7
90 8 94
100 24 5
61 81 44
59 28 50
9 85 45
39 27 56
84 96 89
20 19 34
15 50 60
99 35 83
54 24 70
22 10 20
28 81 53
47 97 71
40 31 40
19 85 48
100 37 99
22 53 23
