1000
16 13 33
95 21 97
29 51 87
50 5 62
92 58 84
61 77 72
16 30 91
73 4 67
33 27 46
59 19 93
45 44 73
92 29 44
97 29 94
9 22 4
81 78 20
77 52 57
60 91 36
8 37 60
55 2 30
41 21 59
86 3 40
36 19 79
30 97 52
38 73 17
10 46 53
50 2 92
34 36 42
7 23 6
33 89 25
69 34 60
58 59 77
51 87 27
58 58 63
48 73 47
100 60 28
13 80 61
51 38 51
97 30 58
53 92 79
36 37 88
32 21 2
26 15 97
78 70 50
48 4 53
7 92 60
42 22 76
46 3 75
35 7 17
46 12 68
23 8 59
55 83 24
82 2 99
62 87 45
42 82 8
28 97 16
29 65 97
23 94 39
97 95 19
53 47 82
57 47 83
25 71 32
9 94 44
53 11 35
57 39 72
72 58 10
50 4 3
64 52 50
51 55 96
61 20 29
43 64 89
43 47 52
41 19 85
1 37 52
45 71 89
39 81 13
54 70 50
97 30 65
44 27 48
6 92 54
41 31 13
72 90 25
56 21 69
91 52 84
20 40 83
22 50 91
47 13 47
20 3 49
32 2 37
10 6 83
50 75 61
71 49 75
16 89 82
38 36 23
20 22 86
13 98 22
70 35 13
71 6 50
32 100 44
20 35 81
37 58 42
20 29 5
90 89 26
46 54 98
75 98 53
41 71 75
38 80 75
39 77 92
35 63 9
73 34 55
45 84 70
43 4 86
3 8 43
30 77 96
70 6 86
98 47 38
4 98 34
82 80 65
4 21 64
39 99 4
88 56 15
47 9 22
44 2 67
26 94 34
48 57 23
83 67 31
91 47 85
69 22 20
94 18 95
18 77 41
4 18 95
5 51 15
59 3 90
88 44 22
94 87 35
26 89 63
96 58 74
81 19 16
24 49 36
22 32 37
6 78 67
12 63 100
94 26 56
49 81 11
45 10 39
29 31 44
18 41 38
1 32 1
62 16 64
29 7 30
37 44 84
37 31 79
64 86 23
1 37 47
9 54 20
23 79 24
70 53 73
75 100 70
72 54 22
96 95 71
32 58 33
68 74 35
15 51 54
31 24 22
60 61 39
12 30 99
42 56 9
92 9 88
62 6 67
82 18 33
23 89 99
8 37 87
3 49 22
8 40 87
91 68 72
9 2 1
96 96 92
46 37 76
7 40 80
54 90 85
13 68 66
69 40 81
97 62 15
25 9 31
6 13 40
52 41 32
66 98 46
73 41 36
58 95 15
87 83 19
81 26 17
55 14 70
48 61 36
51 13 27
25 91 67
94 37 20
44 86 21
96 100 17
6 72 98
59 9 7
87 95 45
87 98 72
25 93 71
31 82 38
55 23 34
97 69 8
8 30 24
51 19 97
33 6 7
6 79 24
97 82 83
40 54 78
94 53 84
48 6 98
68 52 68
17 8 42
82 92 91
42 80 5
44 76 65
65 30 81
77 40 87
14 53 59
78 62 19
37 28 64
41 72 82
63 19 76
10 53 37
77 31 46
58 33 37
2 44 95
67 77 8
47 63 23
13 72 67
44 60 14
87 89 52
9 69 19
82 29 65
47 93 52
54 97 70
93 24 39
67 83 32
51 94 68
57 92 54
75 99 6
3 8 83
16 97 92
74 32 28
87 53 79
18 60 30
27 56 50
16 92 87
2 70 70
27 74 85
13 77 88
12 55 5
92 71 83
65 29 64
99 32 86
73 100 2
86 6 45
12 70 41
70 96 44
24 59 8
66 33 31
32 11 15
30 91 37
21 37 75
99 31 82
86 68 14
31 25 96
31 50 85
26 77 1
35 41 35
88 93 77
28 78 96
9 92 30
98 54 70
41 95 71
52 82 6
73 21 6
28 59 37
3 82 65
74 15 38
35 45 79
94 7 16
73 38 73
7 63 19
51 46 95
2 36 97
41 99 15
71 59 63
50 30 76
1 44 41
54 93 37
8 91 69
43 8 68
6 67 48
56 100 58
21 75 54
11 5 56
14 83 51
56 87 98
46 81 92
81 17 32
5 22 18
99 74 60
47 28 46
19 15 55
49 1 12
90 50 1
44 1 95
20 39 4
51 45 41
87 45 21
13 95 68
66 22 64
4 51 76
15 69 80
19 50 27
35 29 53
20 45 81
3 17 71
100 17 33
81 67 72
67 96 62
81 8 33
10 82 89
74 53 70
36 7 94
92 10 83
88 4 100
55 77 1
43 59 58
19 9 57
47 86 41
95 12 2
99 99 45
97 2 53
38 74 31
52 29 21
51 81 74
20 46 69
48 5 27
22 71 51
90 48 31
23 70 91
96 97 63
64 39 45
15 92 80
3 17 80
57 58 44
82 27 52
2 91 35
54 24 42
86 84 91
55 7 94
53 77 43
44 78 48
61 51 92
43 65 19
8 91 83
80 53 30
13 99 93
3 69 89
2 33 88
26 49 9
81 5 71
97 76 93
43 54 32
4 85 9
17 32 92
93 33 88
65 77 51
24 59 75
54 96 41
7 11 85
86 22 61
82 37 47
17 65 67
45 52 45
19 65 17
31 5 2
80 47 70
10 99 86
42 22 6
11 23 81
84 97 49
52 67 13
69 85 46
11 83 40
65 35 69
71 33 53
36 49 85
88 15 80
6 48 95
14 53 94
72 37 31
42 37 91
94 85 42
60 88 97
80 6 11
14 53 41
49 48 9
79 77 8
71 18 27
28 63 81
19 5 96
44 81 80
52 77 70
90 91 71
99 68 85
67 95 16
76 4 62
83 74 76
14 99 54
85 76 12
25 46 36
5 77 3
13 16 78
50 76 4
38 61 26
81 96 92
94 42 63
73 91 99
59 16 49
27 100 73
27 72 14
28 43 21
97 80 97
58 76 57
59 95 37
49 4 30
21 82 8
45 18 22
87 15 61
91 90 83
38 52 76
99 1 79
70 87 9
26 84 86
66 37 6
41 51 100
32 85 14
2 32 10
29 32 25
48 66 55
67 16 94
12 71 73
23 28 1
68 68 50
84 47 43
44 41 32
85 9 20
37 22 62
83 40 75
40 16 95
85 72 82
84 61 54
98 20 78
91 80 96
91 70 91
40 14 50
73 23 1
73 53 61
1 33 70
26 49 70
81 23 14
41 58 34
63 42 54
52 73 84
28 39 42
9 71 2
44 88 67
89 79 93
75 33 81
77 1 20
2 82 68
19 96 78
29 71 92
49 91 84
88 57 74
65 38 8
67 33 44
29 59 69
46 72 13
47 7 46
32 70 90
14 59 62
5 87 4
97 24 26
1 23 55
8 33 56
76 89 30
83 39 13
62 37 3
49 96 55
26 45 1
7 52 53
30 46 79
75 73 54
53 35 58
17 7 35
99 2 35
62 40 33
34 29 48
44 5 13
23 33 8
100 9 88
4 65 25
85 31 18
41 24 83
44 9 65
55 83 24
22 87 52
82 31 96
44 25 36
73 10 53
54 76 14
17 1 93
35 94 91
90 63 99
74 32 9
21 69 32
91 30 33
4 57 45
43 61 50
60 5 93
69 51 6
19 22 83
96 9 69
63 63 92
13 91 53
47 85 49
20 28 70
67 60 19
92 63 37
11 93 79
12 84 55
30 14 67
30 5 48
18 64 36
69 88 33
27 69 36
29 85 10
11 66 14
63 60 95
93 38 22
99 66 88
33 65 92
44 55 100
39 15 53
7 21 70
38 80 55
50 56 84
38 23 23
54 29 3
99 38 37
3 46 39
43 15 62
54 5 55
14 59 23
98 3 66
41 57 90
30 46 12
37 4 30
56 23 57
66 98 58
90 53 52
67 52 80
92 62 74
13 19 25
17 15 62
30 8 86
80 11 79
51 20 53
73 81 47
7 88 66
47 68 90
85 4 45
56 97 3
57 45 12
62 30 31
55 61 47
33 9 5
84 29 29
73 49 9
12 91 19
45 72 3
75 15 61
34 91 26
98 20 46
28 25 41
96 1 28
51 23 96
65 12 49
41 78 70
8 18 54
8 93 14
51 93 54
56 14 71
38 36 8
83 71 27
78 49 93
21 64 97
67 47 64
26 79 96
88 31 81
42 57 41
36 94 83
27 1 14
76 13 43
77 54 15
84 31 66
27 51 57
78 71 17
12 83 50
38 47 85
89 88 66
98 49 99
15 76 43
75 83 80
80 45 85
71 32 45
49 82 74
77 95 48
91 38 24
50 99 83
41 35 63
13 15 87
3 51 12
5 84 63
2 88 93
76 50 15
78 25 2
36 29 34
80 100 59
48 82 75
1 85 63
17 73 95
87 85 37
8 35 38
19 97 47
74 36 5
10 9 21
63 44 61
10 97 5
64 75 59
60 66 32
17 37 89
3 82 83
24 98 24
74 47 93
88 96 13
33 17 53
58 16 51
62 65 22
100 41 92
46 42 90
57 96 61
19 40 93
3 28 28
22 70 74
10 60 40
87 67 79
40 79 14
30 27 7
50 96 67
51 62 7
11 29 94
39 49 79
47 84 97
99 95 44
35 93 39
73 41 30
67 48 37
37 59 49
66 55 46
32 65 93
5 64 52
17 91 50
51 38 38
73 49 63
34 3 29
61 62 99
55 55 77
86 29 49
54 75 68
39 36 7
53 44 42
21 3 98
10 27 31
68 50 67
87 70 68
83 83 94
14 35 90
89 48 53
44 36 64
37 46 92
59 44 87
38 38 100
92 6 73
58 84 46
52 92 85
29 9 58
18 83 31
92 69 31
31 9 10
4 13 85
97 42 16
57 88 67
88 72 68
91 59 61
75 41 65
95 49 43
17 71 26
65 82 87
26 28 21
22 58 29
99 15 78
97 70 64
1 51 44
8 57 42
59 81 92
40 60 58
13 14 31
85 52 17
88 58 43
64 15 2
93 64 19
71 57 48
51 49 47
97 18 13
69 35 76
32 22 52
86 19 94
67 5 51
9 61 14
8 79 49
94 44 30
81 41 9
55 98 96
30 12 47
45 50 74
87 41 29
4 12 66
87 48 87
47 57 17
14 67 13
95 18 34
40 93 58
79 21 30
63 77 70
14 59 67
64 71 94
19 36 63
40 89 51
49 70 28
87 61 89
49 32 34
94 51 59
12 58 54
34 32 21
89 55 7
50 2 13
6 33 46
50 92 74
59 43 91
83 18 34
30 97 85
23 71 100
14 17 95
39 78 45
30 71 95
46 61 43
9 54 16
29 90 63
93 41 92
79 73 46
9 63 10
61 39 33
74 85 19
25 39 8
20 11 47
62 47 7
81 47 76
32 8 32
14 61 50
24 86 91
45 80 6
56 82 52
36 6 71
20 30 19
99 27 28
97 19 98
59 41 92
25 92 27
31 62 86
7 19 23
90 46 33
76 27 40
9 64 24
33 24 95
40 20 88
15 24 40
38 1 21
65 85 69
56 95 83
96 99 26
16 35 72
23 43 91
16 4 3
97 37 97
50 36 55
31 57 74
32 20 9
85 13 54
29 13 16
43 35 27
72 63 29
96 25 73
33 57 41
63 15 55
92 49 94
19 85 34
23 49 91
90 18 60
46 99 16
61 5 13
90 39 2
53 100 69
92 32 65
70 27 52
27 27 27
13 23 45
72 93 23
92 70 88
88 12 77
96 24 90
9 32 60
41 40 90
6 77 80
10 70 1
11 65 23
84 34 69
2 69 6
46 9 56
6 63 5
74 66 8
72 71 28
38 89 66
15 23 9
47 12 76
39 41 21
12 66 60
79 57 55
11 4 99
55 75 21
17 43 93
36 72 72
30 37 14
38 62 54
18 79 47
92 15 65
85 4 41
1 12 86
32 25 19
35 43 21
80 41 85
48 78 90
35 73 92
61 67 19
38 48 29
12 66 9
20 18 94
38 10 86
50 48 78
79 63 48
8 7 86
76 30 64
58 97 81
61 8 24
65 38 10
65 97 41
77 99 83
24 15 63
16 92 65
99 89 99
60 37 4
18 16 97
31 96 84
17 65 4
78 42 26
38 4 61
30 93 75
52 32 92
3 58 66
18 98 35
11 48 20
90 5 33
3 22 96
14 36 80
18 4 31
97 19 100
96 85 78
89 71 66
22 97 17
99 21 62
1 43 66
15 49 72
87 19 13
65 41 89
54 83 79
57 8 57
39 70 7
98 42 70
66 93 46
95 6 35
11 86 12
93 50 70
29 77 13
38 92 67
100 91 84
61 79 35
90 82 38
93 58 89
96 25 24
27 28 81
69 59 63
54 12 60
61 53 29
44 79 24
5 44 56
73 71 100
17 31 38
9 5 52
89 7 97
60 42 73
95 27 73
99 100 93
37 77 7
46 14 72
62 19 78
60 95 22
73 79 67
21 70 26
26 42 95
31 83 48
3 57 82
53 14 83
89 79 61
31 58 8
80 64 60
21 15 29
60 96 79
49 83 81
76 18 66
36 54 30
84 68 84
96 38 71
36 16 62
40 57 56
87 84 4
62 100 55
95 41 14
28 56 52
10 4 3
72 94 3
56 91 34
3 72 9
67 37 92
61 67 6
26 50 31
73 92 46
49 91 41
77 71 1
64 34 49
73 45 43
48 78 50
36 75 52
84 58 10
70 51 8
52 21 58
58 64 29
47 16 5
52 26 23
75 93 50
62 96 69
11 96 62
74 87 97
78 93 93
90 42 8
25 33 36
91 73 87
97 64 92
75 2 38
96 76 25
32 94 71
47 81 62
24 21 18
4 22 50
70 74 22
