2000
30429767 43295834 25048388
95827578 39271635 65428023
78963115 30651505 71287086
46676541 47443710 58575789
95154346 54830457 14338119
6254098 18732262 25571843
34305446 29714906 20702302
79716655 24759661 370102
35295824 9769798 55358562
32517868 33325502 57681703
35691789 71180091 27748193
70539787 89096194 50543736
6289967 72088454 24501955
31823907 33009921 77206429
21895186 83180200 14435918
49992910 88172251 98197138
29883569 16192299 21991679
5287200 6900729 73936789
65475967 82707576 61719365
56294191 2726340 73205249
23192046 93428958 6712526
50616278 82044339 66282629
14723341 67210853 90809208
63132115 88844267 6363420
18430075 67502605 40419461
86706501 3490334 70195185
91520922 6265009 22209934
70715425 48961999 93735637
19392120 16149601 98200513
25180990 51590257 19881376
88013983 90783709 53842521
89863363 9335545 4366043
30193245 3323278 79452106
86166171 72097241 75962734
60128611 78652378 34419358
29818710 85333807 27998877
66255407 41832337 50278034
66592325 61262146 11553822
62284272 63159274 71418614
23482410 31635132 99528677
46850731 8671589 92171293
69820500 15480560 62484099
79431101 89530003 1484949
66110494 34435104 34403217
25754618 42519119 62109890
26743866 28751568 438483
45177560 17814010 22075413
8375371 98684008 89747356
87441541 93394565 47297764
587934 61935334 57749304
90517906 64254377 59621501
98230434 20557213 63276624
79852823 31420638 91337077
97245282 93967503 50543007
31776329 97891403 82794120
71132627 38795751 47932191
56990847 62974509 59365248
90772152 88399996 91112561
10901713 67305721 33058781
67295823 60217752 93329025
70207237 7648158 4723696
84964015 79879833 67118658
27917776 49675667 43074556
75161580 7382292 90626162
99470651 7530119 16073813
85097758 68372862 76346878
43073298 24447526 14170988
3042272 50914889 68984292
64913093 15822419 82403920
8372065 79509009 92322682
98026027 44721924 25204805
13676295 53901797 13222696
61713084 88084763 19524038
21416986 41269699 68187917
9196744 33985256 33938552
92126872 90666720 39858421
59351023 10295379 33977179
26873556 4782342 96201655
32029562 13374507 15842344
63185024 37936542 16869133
68698411 80021292 46726266
73277403 66061605 19059459
96838580 78803506 30339882
20199344 68514269 57006430
1738099 204356 80348879
65420515 53783161 8920924
88446284 23879122 95131036
4266934 39030505 67969546
84984547 40111008 64712098
12645026 87360512 31765267
37356301 22905643 12864604
15908379 85385892 93374474
89259954 37864207 82040248
47163584 73185989 99576171
5870604 3155281 68001260
21078068 18885284 58527287
48531701 25793942 78151618
87922065 47509016 76416377
79620063 69677866 2735697
53865097 87022293 78733325
44754039 34002457 86642199
90382618 92670148 55345652
44865502 32055877 7492028
70655697 29573982 20633130
96727184 75393149 97586774
63340121 9901727 27495193
35484224 42624909 12052387
61549336 17548300 85792163
20943151 6100587 28436448
37225609 71894276 65473933
56498060 34328273 65923450
53649055 33783229 57041682
98609636 13619346 76723366
31349753 97919239 86926841
99974320 9100515 31516106
50221105 7547639 39874887
6713872 18079166 36128535
56476518 63507612 53586651
12977442 33696591 37112906
66042153 61800514 48839651
83118683 6682902 61352851
54702350 50274023 83607322
88750137 80344853 23586407
84230056 21129221 55211940
4510131 39090765 74801020
24347641 33521875 49943387
48344365 83801449 48167355
91103641 99427240 22202219
52268325 68209487 45476346
3877776 1741746 82384146
23880933 40825421 34877678
58703744 77844663 39815482
40146717 78891839 58049733
88064465 6462488 30895315
69268812 7253753 948168
27804899 80659488 78662948
13893933 96026424 28387900
43132064 42764644 73172356
68290926 75766463 5464821
95371047 42735856 96020672
58764608 28755519 80043785
58759345 26838592 66957117
24408118 44680608 92330537
53975089 36028268 82636579
9769928 36412888 41159645
32029780 58672699 24748199
14521804 88863826 13922656
99570735 45794787 96465622
58081386 58990506 77601930
22816293 44348254 24051268
64300936 27195757 50650413
34612105 46500572 44586332
61897453 81897757 53094863
38345565 9215096 2320349
38443688 7406374 2355079
41600747 13915175 75685277
9037167 3192155 16820182
76499042 25637325 9329257
28723649 34320927 2169114
44419363 15307279 16048889
52773273 8831851 30409183
73365190 95527685 847687
11023678 71434078 55996912
44778455 91174161 38427202
5254924 82658413 70169140
23780373 54730470 32684262
43411633 58805322 45011008
45428916 20164753 98514750
45379045 33907165 21557915
5985478 84122356 66680943
9358450 66706086 6849905
84560823 55563386 3636554
89098091 93538258 91861620
40821599 55855944 55839270
82600877 72689648 62673596
21647241 1610239 23715152
1489010 3084536 26295888
88997706 11903597 55758749
85079675 14770204 41495000
32192508 96317841 2503989
28055215 66619241 51097020
26138238 64432076 16927474
6587174 63808589 42780239
76379171 92391076 87873610
20884011 27429504 11175651
56814100 32460429 73421732
46868110 3057452 8477922
84393570 13471495 96457696
95980782 10598273 56369484
58155475 8774985 37500344
11995075 45956822 35748367
6875874 53964617 90837335
71355381 30779091 87155367
9698324 30592983 78648172
44226889 24773260 70209139
33362556 13721191 17283495
59356265 67003990 77436046
24028318 16006964 75029293
27563648 45863172 17285646
18622495 7235470 2161963
13680933 59231571 74316192
85053726 778597 90665653
79209567 66168160 18859929
30181548 75615627 28276864
74719253 45268173 94858468
67220155 35556338 79015065
77813677 63756384 44890309
59467042 18231376 97732765
76609977 56326091 54617456
50627477 41266194 80927666
69817443 71283924 14481837
90927829 66462444 64667367
36231893 9454321 78907421
12625014 2111670 91874165
7355631 69768935 49400674
56052745 90834334 17074718
35292234 30244288 81664575
48116250 79204747 24305917
91327960 74983043 31306648
99912828 65283519 18672239
32987893 76735237 84210459
87526623 14049 10130388
54591689 60663300 10143716
97254312 80654764 8325578
43888489 80715386 43571683
36802783 47131966 26000829
72142704 58410423 84007544
34603703 2278519 69463077
64160133 41536720 64609370
918216 59000599 47670960
54382160 45682312 98352093
58989305 24510564 19415695
9758585 61752579 61285555
9101079 26209693 2019621
48646535 37129478 38399391
16274614 48354182 44543015
59342962 47090625 99748819
93251451 68334047 39594768
42720334 6557204 22323452
35791536 40876304 1671716
62915784 88152670 56488655
23546972 21347554 65694796
78943031 37882207 76125397
53585126 22204371 24666760
10864256 62169767 53341275
91848379 9519747 77275722
91294115 50191343 82353329
10525801 298354 39517586
61906307 7961371 18897839
1161853 62391107 2634105
7208351 63649915 48313427
18411288 41300555 63291717
92786051 86106488 34879390
15577103 1192421 35335712
56816271 41367566 63394153
46685819 228405 84981985
15717592 78123853 739871
21381759 96998677 85198852
63831207 42579002 99614394
65062927 50736431 30046485
30823671 99807749 57685240
47491358 40663432 40925223
38442474 97465996 79428074
4098359 96718091 67253231
18915620 89266461 62025180
85766684 86096766 24307494
77814058 61969713 1048689
77035968 69943958 2482259
42878692 53834964 37620132
36025189 23364060 20993853
10286145 4868555 72458529
39216687 58001598 86415689
50140558 78444564 4895950
13458187 98889277 36408219
25027986 90767270 4984855
7529763 53630993 31967036
90317597 14566256 87380912
5487204 82294 22096146
87235739 33077389 40661524
20354505 31554641 2614538
82455914 15529022 55590219
77157467 90099235 45208917
48895475 70119894 91917074
86221210 50729840 92499566
94919753 91791929 78437426
50073648 27843258 50521832
57478301 99256345 94194574
89376467 79651507 77552950
73470628 85574268 41593918
71719393 77375216 30060684
23878231 32777415 33439217
80983472 47829052 3594341
86328853 42468719 2072326
5811682 7831453 45329772
15509150 50081973 75533772
44477135 63625799 24438309
31799353 54429646 28165894
42899767 1259075 43071614
50950256 85952795 88506615
53596039 15805708 23571425
15488763 37580654 32598666
52021191 94898777 39598872
64068572 59484013 34477247
87389718 79510511 77512920
99060030 44630146 64524613
33392691 91127078 13547005
2548615 28975330 80604432
14414340 52231001 61039028
12610968 64297446 66316639
48582982 24452390 57193142
26506304 75790757 94359822
55676610 26024091 54987719
90735336 26463742 82496879
88893479 61245725 19491745
52764178 62964874 37582986
19209560 39219496 19746072
74553140 12264663 82511582
55577169 18588506 96259887
83202465 5732512 48933006
43338934 1560074 7720587
97926544 15830623 5615482
52033933 15260052 16906623
36300370 84868779 44794177
64364584 36825509 44102583
1463852 88723057 86923607
11285956 4270492 97143994
26938157 55863317 89898675
52349046 87637259 94802721
26346107 21862450 55802942
56995774 31844702 86647460
14829678 61886759 56613004
90256521 16466708 27495603
39426330 51689845 95655228
40155865 94509956 59636334
95983340 35623643 4558084
56208083 15431310 54456117
22600207 13173656 79488843
3545749 5424308 5977795
59957965 25206785 59888095
52864698 55367295 34368104
13875936 70296119 46138410
61629308 64165871 74701652
80336403 84407041 68476625
46395144 39160032 61897515
4070465 21204718 45745372
92719534 98806298 15792421
66043276 90354073 49711266
75052258 19851792 8381742
72498150 64538906 36294629
64141714 78423341 5640167
52665021 35327510 78449342
70056304 35944818 79706521
26339846 55782926 44215092
37538195 22028463 9396692
23984386 39725324 58112742
12743321 43064266 40782002
71739520 26513153 42384606
43893221 81553541 37235897
5316481 44272880 87137058
25645855 78307412 29694633
99010833 68224008 55942722
83860249 60992466 44235685
53447079 25508063 32760830
55649095 18295535 15101448
54468788 55138477 7071568
9961754 68599299 48412793
71783886 71126835 54359405
43978263 52421258 74425770
43143928 65714011 9943538
31671458 91201540 95152641
97829321 88551789 55702198
11087542 84907809 37702161
52070319 61298668 10500910
59771432 36190088 45636256
40612983 66305908 90420410
12538023 25094975 12017828
78973983 97166403 67607853
39480538 94647583 67901828
79924412 86640462 16487096
26363674 33989712 72237615
61392792 21612459 8666768
48537158 47938939 62946978
56312307 27764878 5297779
11394700 86941011 75500821
56110584 65622781 19720324
69483147 98672669 93332617
14580916 88845416 56055147
2206545 12770325 9477479
40435724 84593001 50094347
49293678 38069099 70098390
28445678 44550552 57289752
62356675 54005111 47826358
13223029 62932375 81783895
93534242 44566309 29926110
5322962 31201501 53157650
85333207 86297671 63016316
34426847 59578483 85168546
24335729 19143199 46561563
56649424 29142870 91284884
29008864 85078300 2343834
52651379 83830054 2486704
76157921 30053750 9550618
73093873 90414689 54322772
22202001 4379171 3102629
54032536 32383676 19959422
16369954 68049389 84017008
74438801 86688885 37867198
9530177 77544503 55079890
53224169 71372981 25893369
97315344 6660625 51593463
39538469 96964298 39238075
53559754 55346490 38422782
4976745 64923964 63568550
7014258 77722407 6197365
23946039 17690109 97188933
14686933 83665123 41879976
10942918 53058134 12166249
93216934 55542165 12745088
95981375 40706733 43717995
70952503 83342664 4884694
10827777 75464558 73996429
99604063 50988967 68042711
40675276 44202586 40100325
1537422 89573223 53646403
4057896 15518171 86356947
93775832 50289017 34463265
16036643 64279690 56265884
47699809 98318313 59403778
39535562 47462125 294888
44139990 20887668 5341986
80572945 21600065 5272753
86609343 20214438 31965077
99221315 68742818 47331665
77768261 21653057 63891702
8867072 52102630 42957946
77163768 50542164 55727089
94545180 94084736 18101337
33918536 31188521 18158530
84304050 59008456 9855451
80683183 56623102 73037317
36925454 86974763 78974426
42619294 73347856 98686184
21025853 24505337 42027911
38434416 15242971 15152102
61732559 1149925 66698600
32841481 63490734 46126360
88210057 67533241 15416774
26748541 63591620 51349264
90589145 32844901 14406596
92508222 7328901 5248804
45018113 3342735 59165856
29100444 96744603 8179020
80513168 9502267 5796108
4028641 37555819 1408872
68027342 81398131 20192303
20427382 88336501 91716169
85764203 90676998 20842847
56131926 35925444 99589609
94212324 86027363 25739119
30146283 78516494 80982023
7364330 36293543 54837916
50217995 97231849 91652687
19988184 19487545 40609533
85371766 85450733 88116697
46382408 5636758 18310819
50248728 18469089 17147015
38414516 69898524 90699357
54507355 48646475 10845845
82925046 94574096 69220352
16237576 40979075 29958070
7477850 39991194 84610877
50107334 13729405 41193137
65340028 4885890 6640059
60870804 95508436 16144412
15718119 9705744 77188648
6255433 22654588 28627498
54555197 83362176 12526972
8423868 74672351 17965631
32216549 66276099 77724796
44147875 31569456 77953444
53051518 73930391 23134733
22119460 45640218 46962113
24888765 35993309 48411279
34186631 73310107 37292705
48814448 91548124 35745067
78954016 31245888 6975990
67021414 93851197 57742437
69070579 12885752 37196777
76829311 43657309 3053238
96950410 16621968 22586631
5738492 92804052 95067162
24946886 54497842 87756489
85393705 49859130 90891641
2314575 28751981 48194664
34075053 49062864 88612854
52865517 53570612 45682379
83139588 61990655 17745040
92086065 89746282 52600705
28796827 24065566 62394271
71723918 90448040 30032313
30213911 57571611 63951968
79942526 30288406 71155396
89425970 2247210 51600699
20680092 67872584 39883503
21184655 32630092 88923751
9828795 74789475 52337535
42619382 817010 64911227
68392206 61363430 35537212
18523542 33960186 52091393
12596388 44337089 21487783
62806944 96535208 45768546
31301840 11279328 95484341
25635940 85510634 88266221
95695625 12368397 80388269
43958892 19353830 78253117
91605510 85773862 51957530
91581212 75397426 18036154
14177979 8397373 32024778
32915525 38524760 52445652
4344421 22406642 98709158
63558079 598412 75402526
39175116 11715457 8337919
13012459 4478888 76125437
56329513 78690663 35717678
26609947 6148863 49104755
68921132 1975184 21712712
71023395 74257432 65568964
55068332 96512872 54887019
70339075 30209083 22500690
87880064 18997045 32846769
89557101 79521229 58386686
37503713 49934998 2718520
73238596 88226644 8548675
60532879 93666136 22537709
52640561 59837190 30521256
19056049 59121032 56387328
51323754 28769606 69350374
53290050 93890889 82312646
95136632 71218265 98074123
75935846 86233159 73717608
1072848 31559122 21422238
1094003 84640229 82536424
39771693 96046790 41326499
1332819 2814079 67095577
63052406 22517366 27149593
54592158 87285288 41691784
39370786 23805121 35281279
88197687 83516590 12274163
45316007 25502674 46053903
88601868 40871399 89035663
78646263 11889710 53634729
70007598 10705299 30721784
58629306 40202064 74556594
85282895 78388495 78894160
27705436 98615050 94158522
78149692 7932513 45993744
35184451 47886742 45727178
88269586 10345962 92814809
75522448 47713071 82702195
56623072 34084662 443012
51909708 24440775 57408241
83098685 76407110 9735218
75720309 44235772 7983221
1089773 79505643 49619527
6111112 93731843 1943065
41849349 60785714 24455670
1309626 26839891 14716619
50331964 88199499 24620624
46653565 83378402 72057648
38537588 402508 53815101
59610489 81932129 12415367
91825571 60425099 73119988
90863838 36575616 24639549
72667696 68222516 66992947
67744164 17315606 69737688
83167507 37858753 7164063
81122884 58784332 94967267
38790003 42531257 88810677
29309402 15310070 34962442
44316541 73532049 65506443
42116267 74848483 91468783
92313272 76323953 18366638
31302187 67726649 76998518
54538227 92089571 42637698
75686254 21143258 9143240
810731 46565174 47849349
65705488 84385370 82276017
11933186 63088843 59566059
97361804 71324210 79295480
6242438 6272916 45433448
87395445 9842609 88999083
27936946 12495906 78414311
1540274 51816176 83862373
74977070 27945031 96030510
76332195 39850075 15447461
29068600 2839516 81600603
53209900 64555198 9309794
8980443 21054331 75344740
33581388 31899511 48553433
99593375 91542557 26026852
52183964 72689512 93725658
1978308 86581882 64443877
61033029 50280864 7347237
1697346 72829920 9076283
94603302 31079290 58937664
81281181 98181521 5850897
2748460 77700836 70422780
25596662 37312408 92456879
86724630 32917179 98236839
98063342 44988368 87917255
58010365 99326197 15405332
15226904 51885418 90234623
15979871 57251753 85249955
47309229 19076716 21869014
71941836 33050328 49105126
13713989 44489240 22901811
84306100 2384618 34481930
57762595 5120703 87558118
37966410 18305448 67032436
43022329 18441407 87704360
15444234 25471572 66960091
5739531 8175332 10659060
95047406 64043008 41944607
44786733 84052370 357802
35838945 19641327 50208487
63573510 76154133 178500
35506258 45078975 3352777
38310342 70751929 40831581
21405814 75481313 48162419
85602547 18319625 86723854
77128123 49284904 76818182
80049424 64103169 77219200
52050094 95705154 9201925
24292154 57346340 49947551
82346463 85462186 80351018
77339165 91385702 60944160
66766546 7163059 17409169
21010074 66761059 18572904
27063574 67801946 62250578
81356631 38750845 88595450
33543731 9999030 93923982
83871774 22761191 93227333
37720385 43071494 45163260
21004884 90743544 40972090
51291776 3916473 65589431
21046393 53464269 62134750
9838495 68281655 2654396
58498911 30025844 46953139
29009353 44199624 20863437
70610115 74636629 95230338
19706791 86546731 60618139
73255230 92564377 90460582
63176103 42278259 4186054
28451685 57587369 31036348
67952040 9798456 66555788
5867571 21774890 34685369
64080657 73657239 52579321
51288975 81963450 22571927
7550124 29697765 25120574
38464151 25575279 31506452
60133870 82130527 35168942
32716760 93767903 99812276
24677158 50631592 21632875
89483148 68475634 7861632
8106923 52470723 58756270
12514558 31219184 48439346
91246751 69998744 97832182
72881740 37615815 89093962
74209911 62372789 91441395
14633081 78491945 81680100
85949827 40087615 59719910
7879749 60889104 66211246
39867132 85824835 58631166
55224856 61086896 16736858
10227248 36698202 36361338
98000552 7633340 76206514
59362046 49172912 7733296
27942219 41943547 45027572
44160481 12801967 29541435
41279774 87647784 14202308
8763533 5066235 47774996
91604505 89002670 61394566
95233360 40285029 23126173
95612778 76234927 33432348
10970794 93654814 94855443
30477257 39944269 14704992
17081733 28665417 91941101
3685424 34049557 72962230
80639701 43779669 67241522
6645484 88099921 1669296
28194358 93409766 72143296
75231409 86253488 28253839
33311438 69713721 34033046
88578836 47292020 37999965
63899682 40908092 77416935
67791096 63783483 7629229
59151014 36490192 8389578
29894442 32085565 49615171
89418739 87660898 91370842
17995613 95777563 52402440
29710888 92191059 45945077
66816916 13629168 24628750
3326876 76903363 99043053
48736656 17127926 7239953
29887874 80749672 8860751
59463647 83228729 61443273
35929059 42213994 98138484
2361818 67219470 9218772
48415964 46469427 3640477
50405968 19381235 2480928
9122815 16357298 29382690
36047007 96014536 27948516
96141197 68892583 83895603
68348784 35845998 80866311
73327115 98451007 4306280
23893130 35725328 92667765
55450111 44116767 59055682
46642268 36116800 52791746
33408861 5174733 36748818
55289680 60784745 88207929
56569433 12178169 76787645
60936951 56939681 50652702
22985085 45710701 73487376
56693584 58746200 50049704
55983453 75814409 81918157
28982398 19979754 76317282
69207329 10653941 89090913
14391039 72885356 19786656
54128060 1440394 89737743
35837080 63977835 28067151
68009486 96717673 31161963
36730229 28071008 86262400
97550813 96261838 68791842
3198214 49113565 10679933
62566564 26305813 46818472
75364745 10191682 63519025
39412338 96594958 31473975
9064377 33688403 49650153
5241199 3693939 30599296
71159995 11763455 86332520
87514051 38694593 34498836
57580377 26569688 82863281
11828165 75846971 27332359
90903047 13605262 59849682
4412896 42013389 47186975
82842179 62267089 78896261
29736262 79727552 79776220
86877355 29230366 72305493
60585031 84004324 40557692
15841544 794470 31053458
26249846 46774530 71890875
45321671 5903186 79781012
86206382 56455318 14806173
62871168 74433871 61136083
45493810 81345886 82136524
79477761 91473060 73358504
84558913 17853053 96111194
87442454 49706956 68771065
67226929 91539045 18615722
22644044 73731079 58840819
19630065 84139151 24285868
25992601 2359570 15711047
93916499 38655115 81028209
28710696 72154037 86072555
16630122 24878649 36384829
86814864 80525687 92257859
30505285 10765267 93379175
61051876 72062339 45517494
26577412 57690931 61694994
93862911 14318342 94138023
23652020 31985087 59176051
3257309 6617464 79782276
36709437 64088940 1039231
96304857 58854132 55612016
34514979 71916092 12501066
42077581 22776188 87713277
52222259 68901232 99536973
31752604 59933247 64970723
48653929 63519954 84457398
74168778 89673333 93949943
10529577 21559151 6011659
85396754 60482218 56029432
41212674 66520491 41537723
25083259 41558597 77057552
91906309 64349883 82850068
92118968 90193136 45785392
28627921 14962071 30457470
91912369 69412144 33708403
11171190 86827741 88730
99564390 44776171 37607575
81364989 64500012 62402956
55974417 5525604 58451732
77757469 92315955 76421057
58931466 63520713 29220163
66151537 23235280 82562371
84574220 78557039 67705631
5938092 1153375 70420693
838939 40016007 27505967
66384301 53549050 10545633
71901658 70528682 44882788
85419801 72963658 26890747
79126443 84609183 7917101
20870403 82780776 8441261
35084068 27210330 98528934
19725845 97417249 88346541
72481315 72564434 97596139
49914459 13781313 83209403
37190629 18103389 38099365
27921143 8904802 37772884
89573665 46674397 6895243
62628089 64595469 95569270
56014834 51994835 80490845
57619056 89494255 92976099
96148633 35003876 428496
55221100 34434306 10005287
68399352 69115154 51780328
62903211 92450410 11296826
22327159 91270908 45689555
86721177 49117004 10953665
91478521 90684219 97147810
10311171 67437120 17326687
95625876 27050205 49042268
9741495 53373019 38629046
29992906 10748922 26373831
64952376 39685415 78969256
21210898 89146463 29823614
68858645 49408825 2322500
40457323 53377463 71133963
56743284 82495244 36591890
4103081 12838734 15335100
67750951 82111135 88616220
82021313 79709527 97703584
15467366 8958383 28279537
7387768 61797687 74497698
54656975 71566067 61545173
17076436 66470620 32413840
44837996 73575904 52751107
95984057 63736130 66350370
44596906 7994405 63152523
11091255 16599573 25490618
53325288 5189910 36882182
18571694 39174003 13496038
80189467 16235351 99952739
51646020 54832744 20735191
79953387 92782559 24817376
25129444 97207838 68232682
37725138 95690888 22159316
62753705 57462553 65396561
78679601 85855844 35392605
82399861 29008538 96630199
27426917 97660912 3474904
46961070 62021405 53672929
74585214 69185527 4902711
90266164 11838878 74573983
64133279 83367774 8992932
52237519 28957940 48139614
97981677 59844056 70355372
12544847 5214072 41970267
287933 78296887 73561208
77024081 13954293 85688364
62285360 63697976 30558770
21150975 69381924 53753633
41931504 88651621 34833632
53448737 46593811 91430281
17863599 58348652 71038434
38441677 16749949 60571720
66025334 43218410 72362903
69625079 88199478 31700226
73228042 9296015 36395089
2009831 59843426 61888923
80298563 19199673 66432891
14397933 95523529 17996047
46879773 5838339 72661973
15560590 43314752 87872489
33423758 2822778 53969970
39891688 70251369 67138116
58040278 31132935 90363983
50497044 24442899 80562350
28827644 66526692 67279101
71341624 85359926 14075652
28863084 23473435 96629385
78679578 98794082 79007261
65302883 35538522 88180979
98432865 10785546 61433377
20292137 57745558 61601181
9414017 10412262 80260414
2757783 12998491 17477106
86749158 16883769 95856471
86441303 64519800 15027968
35023941 45682401 39336853
13643074 20747220 32994448
32479676 52656276 22587150
13497670 66149649 20014071
4325129 88982278 42993280
32823726 61357660 58589653
83685300 74291489 16278893
30595662 26119076 87997170
80844827 74870009 31100284
66435758 82744141 77875110
65168920 43855329 1487563
41796190 82792649 52196807
9796044 53878656 366329
33006530 98458510 31081341
91050609 86934998 93483463
51393689 37218923 99269436
73244795 57955335 95596113
26044012 49261908 73564686
24492917 22450573 52614388
31929618 44052727 8185571
57027756 76106505 84118979
52577769 14161659 185973
92651881 46280836 32816490
96631053 19483873 42098196
24704468 1760171 95949418
80755656 39791673 35459053
73212626 70676525 1470615
32531909 83279052 28372776
57455994 69896795 4546956
86415456 57363256 24388339
14002011 89144892 44304574
85184691 97851568 23866675
73080710 21134566 50156473
59042899 68548781 65832786
52829487 54946408 77772293
94730283 2349993 36075964
43327567 6778766 95536158
66868350 43459587 60252255
44087403 79294409 89913060
30288846 52285882 50031490
84914660 21024722 73934581
12576253 72851976 90607892
25908349 97588776 88842429
73317085 26202124 13652542
51350536 67752147 94497217
11012358 54645107 36985721
55707400 91130274 28412157
66037623 57516398 10582361
37848136 15754741 21038465
96550552 46171697 91594457
44687744 80134706 84574318
76043866 15099059 35624728
24899486 8252206 19890365
22385634 5296090 64156929
8762818 16614422 24419143
44869499 98997404 60181557
7003476 12153382 96452852
80447360 76522115 17819785
94584372 20039398 80594409
24965852 98886157 30296985
97575761 27821951 39103909
24329247 92298355 79438559
5118261 55998608 15558544
43222661 59197965 45277120
81988145 10138919 92064508
42886789 24462880 95953823
61295276 89829966 5713623
86554701 73174205 37709757
36189522 32209203 57235177
81472264 2250994 76692457
32524196 93137298 43231873
10704288 60372799 82397698
22409406 11068439 59425754
17130351 93256030 9458393
99337273 90175992 1978587
77672137 91690251 74129390
31554570 73954780 98835922
89017598 47752429 23838312
39392054 6228676 35412410
39612451 83272062 75509446
72742732 2370184 15562586
28774480 50125491 29122078
30410744 80876609 39140352
18591514 46590250 40090446
43164725 77098563 58073377
68283681 8894991 15514011
74578491 24972380 53033083
84174620 28575186 30229685
50404515 91292013 58177053
6394273 6349704 16063937
31912114 74161933 11922490
1184924 90277766 8902550
74619892 79223149 65486504
77476256 20111995 99188908
9979377 59666302 98437947
81979529 33456060 10604896
28065833 22791476 39708087
41523357 83147435 53241091
64316884 5973154 94354293
94557958 75086176 22787056
98237387 81653180 41950889
75102788 58654107 15504373
76363740 9297709 12133751
80221297 57551556 88241232
29551737 6761967 21107304
96195499 68875433 60186154
89472387 3172118 46646122
48144888 62573069 14981370
91925752 38121505 91042444
75616625 89040321 26560805
80004333 15232199 62757009
96267259 30464789 26463538
84794419 63032361 54135622
71256053 86657244 55048766
75644940 38018326 74286349
47087118 27894484 29888148
80414326 41122280 35975719
30234573 44236255 55699098
58281174 45392913 49981759
61461558 8495353 56279153
13787701 32490062 43173550
53684204 30482065 6316212
4271560 7988836 54288646
64719388 38697028 78392817
7110924 44986209 78106159
36363439 89416940 35330701
46909268 66284876 52205750
83404297 75433448 62268418
6573261 93685172 3842600
58080592 55563932 32425264
89101942 74033346 87122509
27755260 52038441 35131779
98661744 11081843 20615204
40381045 31518357 83636508
83141632 79424254 58212501
20576018 32906934 18099931
65336354 65101677 80522401
33750659 6090695 6221850
16575224 2897831 65746588
38421615 525027 76356574
10395475 74682884 15744503
66647701 92338480 68562131
47564359 27966269 37887269
47531184 95281689 18444500
68897880 48087452 60190067
7549325 77382168 89597520
34638290 26288524 59980570
18883621 6328434 10578281
77275202 90845681 92056107
91583320 18606231 64877681
95896483 89752349 10887742
78987791 57992409 55205721
60527014 43392622 41055101
60173503 49720728 55752950
15357360 16947566 47233869
31680539 886243 21519160
40587405 12844875 92218881
94816538 19776613 25166721
66199401 28963086 79423655
66296959 55511879 798275
15756857 85765221 18369643
77188454 18751196 49031579
97761283 64639346 75173503
25937105 52997138 52836482
87691862 36400958 80461170
23047957 32983986 97800510
50796017 34459846 44340661
72908760 32187151 60317291
66407383 67871229 79807587
39365406 76264448 64768453
91394037 49087772 39954963
69031884 97367471 99403963
96965050 26641770 25559159
40021991 31333960 78270209
62315023 52224624 41828746
37589790 57811422 93124459
46116648 90496802 92701609
96919467 14514796 7072292
35026630 14917511 67564875
13781076 70376884 38581797
76886965 90303241 88554349
34335624 85881662 10242350
30978472 83722730 48134225
33175754 99259498 48535977
31800998 589293 52547949
27606461 40863447 41153007
95664597 86957515 72193235
92671605 77614097 83362708
23888655 90811117 78217869
57658915 68286620 17827089
53994153 77396321 80596887
68108763 37991717 41748930
92669520 31019006 19853551
97315961 18495048 75360845
85097118 24766503 30314733
7937331 33501556 88236870
64493559 28376296 87226754
90043966 41224980 66892382
19090451 74088663 886896
74022504 29680876 73003397
77831509 72042818 35365308
11074943 51708424 60856535
41649295 18454030 76399569
23396587 2082057 23984805
51221828 19590534 50852477
46267991 66318331 99970611
57528112 20411905 67316879
78302933 86852618 12506870
12725477 57700717 9540627
76552966 25141441 44915268
45825051 38848324 10273519
16881688 68925901 64125794
61237526 12508573 76470395
41982448 42345145 64437436
86685677 18694238 86288564
12474526 78700491 12710703
99414117 22370392 2430777
99963647 22090572 21690767
59565014 52469636 15949836
8113289 32722835 29682886
29677422 76279339 69520542
53994078 98100957 24598965
67227093 18955116 54654285
21613081 85568868 78753246
73173883 25004488 15060339
89909322 32492480 52942731
79662048 13149504 39263340
97829380 41776473 42570851
25507006 28090809 7560959
97997649 85139031 6694567
80359053 59668267 51476409
17887389 7580659 96035969
4780477 65375297 97371993
34624468 39719035 67601958
33366550 16585581 18758968
50839535 38677949 99058277
28215959 73195522 84912864
61655809 27363694 13981067
58887383 81249441 30263972
83766368 49029598 75351654
89022029 67528110 94364690
62947499 4986086 8711256
61992716 7541233 10537148
99311104 34630766 99341874
32550879 55353724 2424461
93101509 81446901 90602099
1054264 21976422 41222552
96977233 59749224 81187748
61909416 38563920 5446878
83900289 37114592 56637635
78268074 64882213 82784209
80487029 6987199 95382580
42833896 63602891 12715647
3947442 59963603 52771975
34511272 12350673 97964299
31659188 64423918 32817168
69376577 23471431 77181646
54694998 85756099 8758907
59538309 96053637 26775896
98506430 68935244 43832545
83497763 68074538 7007353
51723910 94276109 97258881
2587513 48017763 73103688
7962711 91694220 94421644
6226926 24465071 91799878
85294930 47262864 18719553
98343499 21051463 84728205
19119720 69032134 43276601
46811685 67751034 13389698
61443676 19741737 56411208
49325848 98842553 28747242
53444363 86536928 86381181
75580790 16303293 779891
51467107 58091031 16214156
19195371 85296270 11062395
90327153 77548632 93234836
70650188 77435717 30070050
90930831 47910851 80201203
2773472 98869991 57255178
2625413 48555687 15518342
14033822 31090220 84505033
86992209 75031745 89682608
28817504 44879228 48370274
29220338 25517444 63607144
69827260 70428466 28838904
18652308 46845382 41956353
65262662 77288164 5826715
42936222 75657290 2362944
96156154 39452074 55657384
64102467 33934895 16894926
5606362 64015697 37794633
54739624 8631858 47948813
65927897 29591265 10088137
60211148 35901676 77725136
22392734 33497794 445086
42320151 69246032 94500784
91815385 79590229 72008469
68702231 69769666 23090240
40163504 8776719 51648723
89506015 43436167 73831689
751544 74187134 96921948
39184900 64110279 76852541
25652856 38421783 34455949
26562606 40403339 48466238
4365880 89264759 61777647
2104391 55370940 16657745
57304506 19996156 47401967
13984325 61612791 86931890
41361084 51180735 7651724
66249508 37488603 68799731
40190656 15492786 37803253
2947627 32400985 18813434
328319 62555855 42938017
48978967 69843582 17922053
59142385 79993325 32003136
5066904 9211441 98933758
46869813 8615992 42130264
8261420 75892822 17662824
85754742 93667515 10109356
83588982 76420959 99723972
69367911 88228747 55881527
70905942 34928758 10862440
30272429 68194514 15484692
70912437 7048099 44691545
74120391 29581758 77953063
55319087 44234646 50644100
81900430 91120007 95260440
50314577 14360831 32875364
90920990 20972874 57196065
49565820 38567390 15287120
92135887 5720774 44726392
29019885 72046030 55590027
46980621 58239730 85507574
52317811 35186385 19504433
73110191 74344037 41426703
11535331 31932605 50262801
99455527 48503662 8224908
89690044 73415905 58959263
54385894 81325981 93054096
6035227 42092016 49971902
98007016 60864511 77677001
60338879 38808605 37471975
53895454 61885683 98079474
95102427 34940317 66532953
24674149 73910058 50124490
63400130 33997993 30899435
27732526 94181925 71802483
76929258 85512975 65123938
93233842 96443815 25236514
88876189 46207422 59307851
60199346 36332196 74213977
92728786 79833698 89812379
26583975 47259350 60750267
87461807 68515478 90318428
71603302 21757275 95079961
34302503 67102620 44984051
81290536 46421742 21364356
88838095 77217095 26518900
53132517 21546910 8781151
96228553 88717162 31754160
14928011 66316306 49399902
31624077 68219629 59465377
2887443 41159921 61835144
10096930 86088241 83592902
41878140 64541166 790663
1025672 11770022 91475065
94695823 58358583 54965143
90972241 67900965 81558029
89636372 78322655 69119120
68200792 47935643 10125613
44172016 74165215 39066274
11062595 34862206 61418179
58878570 89813048 45175773
95944468 39736345 4465762
52050213 57519595 71119619
50792534 31490386 45890030
29927023 17859064 43309963
24765092 14077450 34475276
58650206 89679512 16523314
59273066 67434626 58507332
38744862 9065582 65567237
63101946 70194497 16723380
15134891 95937010 65974125
48240217 78356770 96912415
77094222 8850569 18879682
67142451 46360060 43113760
10696537 90830007 92389797
15818417 27857560 55926067
59684473 48328341 43172094
18861066 93359540 25458888
56638491 17844564 7343210
59655925 96744967 31296185
41833660 97934943 88780691
61253084 41896216 38841199
3373093 7875002 33887546
66774255 14788937 66599815
42182974 50858542 85083357
44793612 75260791 58746107
25410533 4433773 9781265
11586105 33668775 71073368
37599969 42838236 56981334
9704185 79617406 58993562
35193588 36103248 23327574
7240498 87416004 18918753
22075593 90848406 78078092
6083305 88962309 22618135
13828374 19663605 58565196
14330079 23755482 34385306
83603827 68187205 78172008
92574223 71503406 14619594
31927425 21232457 12961724
11987057 40617674 93487628
59238465 30995936 22149546
43872656 20010845 48574516
92082233 55930469 99216823
16523784 29321493 9450020
21094806 63120695 83744560
4462417 82967704 88032980
62427186 15662181 28397828
91569569 50573126 90611492
76891011 89490811 28632956
95534657 12928003 55184004
69239842 75368434 2574888
28195936 11988734 69739097
3381712 54940795 6768206
75337222 207547 18548016
87787209 74076062 21924302
38234267 19646359 81085791
51330216 29928264 71421551
96694219 52248062 82744771
88540545 8448635 59748476
5345727 23628765 63402200
97999484 17366355 90084877
80168447 50049799 28634711
57403142 29032886 31143037
41987955 50904175 44270220
18843579 47066366 39960663
2193397 37664913 31355834
93749501 62023417 29788875
92540162 35588206 980198
92907967 71080774 40450638
1222288 25400588 87853306
62071318 8234662 71280422
27047455 4059771 87274117
55710320 27928191 21212857
6805499 20232819 24532500
51321172 22848218 10300808
12129007 40717187 205715
59257455 93872287 12696116
35416992 72665567 49776664
12298575 4313470 32560576
9427205 47985513 2259840
37942481 55268266 78091668
38137103 6133388 40101941
14379102 78000472 83997388
31913473 61019939 34945499
4100790 26833548 4976239
5098491 95453939 44668941
53982962 45842603 42215122
75698404 79006494 35493088
90087313 98578652 50416958
50258288 98433072 6285611
7069754 68450493 47602850
7975810 77956742 91058932
68411382 38427231 43537841
47484857 38689310 53288433
30273419 41883509 92306973
968400 61657916 19392848
47809681 94053047 42548882
9229975 45295099 74918053
9018818 71775015 34596270
97983668 55681007 80123654
47598416 64042374 99461354
42298942 99909730 64291680
320297 31863325 13487698
52799812 53542399 99422601
9335285 90540498 53883282
15835721 5843738 21722384
545587 36499117 56807447
92601955 5204640 71711255
46725669 74734571 61325291
9014654 88255902 33676039
1102520 87443127 98536450
93102279 46780811 1447120
44318543 95559568 66323439
42648687 70379661 79020630
51431081 85093375 33572733
12182817 18969960 86047884
15551672 40005014 63263453
21125263 55777572 65150351
91583352 8536127 41230754
97005213 66956633 12030504
84466056 35341052 1488639
28961402 82236066 47769181
13482175 51634309 73322512
15119943 16910088 28853409
83069467 23692457 62507748
56436385 22005150 66435798
12477228 70082998 44800058
39210584 88220632 53309838
62880369 92725255 87459109
82825095 81146233 7833557
56424264 1408598 11935581
7463728 13658656 97769994
14992616 78368882 54640456
22386108 90599499 68941295
38157778 14962195 14163725
54689766 52331231 96217449
59269734 79624854 62825282
76266017 67253439 68785570
37632275 40717171 19549121
93309777 48613777 4361826
87463199 36259066 2965027
83176550 41571781 11015884
44935889 22643856 76570368
78002558 23222910 83580680
32176846 15954366 43360196
34798048 15641924 55211773
7973859 42527041 172339
51464455 61656317 88435827
8900684 57162486 31007293
96329184 76977128 10636146
46649731 41047753 7114742
64868024 97176315 77250301
20242149 38413023 54348766
96934255 57246231 45902872
80993968 70143294 34217124
22591521 5873180 81156776
6323430 54771837 96872447
19388165 71793582 35632318
73291503 67449696 81312805
53038537 54416071 46179318
78880181 33959794 45351680
14313415 14588072 55117927
99053644 29008843 46116331
39025321 96304889 22545641
59495158 4299392 91125594
83873579 62156718 16386264
2112275 65031548 16942271
50650322 8595712 86120008
8348237 4864439 20535565
67285122 5639931 97326716
57857090 18760974 99317773
27201519 65911012 68579465
26692489 1501149 71519213
71730935 73597652 53615173
74438162 99719300 34908489
89410814 64772371 81471363
42693971 21444079 52142776
37859028 77634460 76638290
19032610 52584440 51693693
54422412 90355040 93512819
43332304 55790365 59810058
14133429 91136693 50106891
31063850 38551546 91656159
87619366 63531998 64414873
57608463 52102574 97446201
63123566 75573579 18067176
85685128 34941182 42112436
71595862 89179401 22073807
94122771 23746555 8579671
94605689 29667346 27625039
84538196 73629677 25165069
49692835 92271726 55222626
81160606 40257174 28856057
48552297 96502293 7053051
73414832 11296856 65837222
43651121 50385098 40067796
93221598 60261240 63648025
30777135 40872314 4783088
42844895 30746962 26253919
7761903 20424305 25864035
35335034 65102845 49035344
93204896 30433605 60607637
93733854 33005289 65405355
62038233 99202003 23045208
84275134 98469261 54252764
41806884 23823790 63037569
53557062 23625208 68713371
43836217 33381108 8056848
62532633 40481704 68450249
4786415 73847552 44259252
4672650 87468375 91272679
19706362 25540144 76310252
60277132 29382682 56147660
2216224 44282544 95455929
10127153 70792746 37434553
5684556 7224326 16488539
88431208 51863542 30722350
69776734 77721442 31016960
78683218 19666503 89198625
54664642 59241277 23691370
29295773 19972936 60808576
59716073 71472656 22927383
59766666 28840808 31097027
39019031 51808476 66494948
21583034 69830446 99737376
73114346 46152422 49999846
75323230 35987031 88939933
97933301 26812711 4812081
99994424 69946032 97088853
37277644 14243761 2553491
5964351 51794521 3289427
4537981 14619711 91685779
84609449 35617277 95049264
79979725 43144729 65982854
22955426 53999198 85106694
31724403 12699883 70613912
65067021 85606955 92954914
76979209 89330854 26760467
33960865 9671240 15589349
44875481 43270347 99740052
16296715 62466619 25465749
68408229 54647955 72436171
80314109 69926777 17895208
42894127 42125706 47970035
38476113 61302013 53291534
82157601 73140407 68314116
53917159 790014 49542535
86965546 69710063 20158054
65930126 8206234 10305729
7667241 96304483 81243671
89206892 33280709 86490677
89057026 57847695 35037723
54849644 96190236 5072419
95202120 51227405 21375092
21743438 89927298 91715424
78952017 17914033 2480803
60078783 14554742 28533600
70414802 93597593 21740417
77134132 99432821 85787848
36179391 11345319 67050342
31810601 22541510 20933663
65364330 80500512 92598481
10791082 20753531 47231291
70259248 39640909 32850678
54848925 96687329 93402440
76484970 75868649 78889087
18062418 37989990 22310216
44183886 74433776 75755708
75040068 48252646 45245674
31083594 34855462 16286849
37588864 62028376 18518317
22528719 37301880 9761612
16139467 83708384 37594695
1764379 96499672 64064426
29389928 56881654 53365143
96358690 26120767 95681873
3277453 31939247 37751674
48502379 75785751 38694845
61838937 98681294 79385093
5565829 88478431 9063171
92318766 39517795 8639586
8973863 91172350 12761948
28764265 70015092 77532724
32379811 10330583 18278779
93512200 31541997 9635391
18006185 4400710 4535103
39829357 68506405 22576660
91272325 29171063 68637609
46909026 34937010 76305710
83005646 79245649 56230696
6932246 21246272 3004522
92044678 62337351 86264816
86279293 31529168 28590443
95035011 76227142 51792938
6706143 92378937 50658721
41689379 94039109 61724935
46765204 47963605 34713310
80223138 74106783 44134263
10303322 89013028 4912697
852462 80621667 82023656
62083434 42547513 54083018
7697615 25540012 33486675
93682680 62209661 49244812
16689968 82212206 39153300
31963405 52751269 81382881
37183662 6162474 17743145
94930838 12922804 43927342
27892115 12145889 68363901
87711619 67468775 39043309
69235238 49013348 90471330
46007856 32593131 34545219
65713777 74956718 49828359
76728659 16052119 32830709
50978280 9717329 42096671
21122732 67183330 18520607
50146020 92300806 50172086
15295998 8967948 26261933
76580090 11740603 6050422
44643238 7677423 93403632
8150518 99876468 97067514
26923958 8514681 2450549
12545271 91560340 96772412
68259350 97440493 65794750
25848851 80138715 71307525
45390688 71147249 50824496
9082406 1792656 29291227
22768904 58417090 34187118
26074238 39847276 74614329
68376425 94983752 72669180
66742990 76758209 2526054
86488020 68091516 46934189
60373463 98928321 3912401
35012188 88642390 74297433
26748915 39044604 4403162
24488527 34383934 9641321
63782432 92105941 83719428
1659941 26952770 33669390
30803825 76693625 36246901
27300751 30039804 60745031
37046924 84193867 6268402
63975033 44980294 45202583
61421739 29758705 16866510
69028946 36931967 15260849
59868772 22866765 85895280
92247773 93847747 73035022
54648109 62780876 26765140
50750950 35533155 21651024
58576843 16635409 17663308
38676062 26050700 27832758
24040922 63878643 55578022
40338746 43914187 63921030
9137507 25078956 59272832
53920948 4106206 46041240
84620155 66528431 10020220
78468593 79908651 94638510
74939554 30122976 14264916
24560525 85613007 68762079
29558045 7279648 64125067
70334278 54692316 67930151
1449970 12770891 56704871
71297388 95995875 19136740
35512084 11774987 29936995
51809738 50383874 44936322
91175457 84909424 68499210
38304249 52157428 15668720
55229686 18061929 26906588
47327189 27195031 59060135
89180262 84677266 75943468
5089996 60080381 51799311
17991695 19921371 14529598
75106624 31281965 7220446
29523632 75449317 73445681
39101190 57254931 76471503
30162672 74000587 20500504
3700102 29450007 31706129
13706388 83050439 88799972
6723083 78107166 10251633
50687446 77072806 81991498
51189336 68607874 82230222
21954247 44934924 60862647
7685900 13000650 32104512
74647088 71186869 81913316
44359210 26262796 78004108
95778376 96287009 55685544
35662848 63906579 38446757
653120 1932646 45485241
35465305 71418539 19149512
67896862 74015457 97922511
24703991 34598132 11333932
67281690 15977410 53075190
69556062 35635023 8252048
76484455 5516976 26769607
4207676 22361830 52772785
8569566 8003721 64516760
9144970 95642334 78747540
51532979 49175767 5524379
31721597 39460450 42173953
59064916 96526107 11317008
23405554 28823919 78292144
19794259 31566731 72170346
81224363 76258653 16084257
5543473 58661949 30989127
21215350 51852407 85897721
18482986 6614676 60287942
10332645 78757309 23521923
33035137 95696846 25741258
59346312 36964699 46174768
8516842 15569012 37031269
51851675 74465867 57618983
4557669 56873927 91324047
14820121 76972931 38438923
97935144 85778786 87680069
54044124 94187484 1415067
94993589 32293764 53045163
48517510 46204183 2877739
9047329 84937939 76699812
18312631 55354258 51469332
34179790 79534074 9217647
29981957 90747278 29079847
59386736 99957603 61331252
18956642 49053509 97532645
29082394 90175335 18964985
53376873 39076125 62179812
6941991 23245829 17486027
56325095 81753678 17522438
26878817 17448395 34813410
92399224 86391159 16097748
72904254 51521315 27037526
65244514 62069887 31327255
53022878 59423148 40782467
42315319 80548417 4896011
83214213 20548973 71139031
95625715 89137763 18056444
22072351 46524234 9990696
9032212 30651473 2888415
25472627 32638294 5578622
7533315 29909476 69229161
52736046 66364280 64425534
54301850 69836769 35030430
28434095 26655263 55802285
20610118 91373164 2438791
64057351 12730402 42460325
99676520 90731831 74738484
46923226 15829535 11110793
99676688 5057136 16174478
75348483 41957779 50365107
52633374 13644942 7253928
70202682 63831956 29044842
30378285 3401559 87169822
64758685 43804668 43863480
58171689 10757568 5501703
49539893 9645804 75653987
3532114 5026815 47313802
73936327 41235051 67318543
16077189 4063054 23657628
74575718 15043840 28487697
52161325 39829882 68005766
16356257 69268166 69126905
43324868 24221585 74097080
19864021 54589989 16753818
11166228 48863491 23798583
33912451 65300764 99879132
6360722 77469044 609039
50628300 50732165 56615017
15359189 47561974 46612271
13630534 2306156 54361217
64042142 46243233 33155955
93960898 74562888 13566241
21623151 4085571 88304536
51592724 38160042 24585688
549007 54906049 26831826
69933699 88470866 78437806
32064220 87589509 96364321
46930299 76579269 59410378
57820744 93966396 93556869
80040478 49136552 15181899
2353727 85044109 12617662
17167224 22820633 38113683
25123524 24979507 59261665
64948717 7911585 83543299
4831837 19654214 53783871
30690130 8690702 89863723
72867527 90726063 52188259
35522053 21107157 71021620
89062203 57158778 61605367
54788649 12394072 23064274
8544085 30711981 60143602
94031346 32657284 40471982
60479952 27138768 32862522
32368457 34128820 86617194
87324034 50923504 88098089
60084088 31738832 84598147
38983579 85822456 41365678
74940449 20600459 50413731
98882624 72911238 49215743
99520301 52013533 23007531
11706525 88420886 31809000
64530981 24745830 22093482
62075251 49676542 65822550
66672602 97814097 78339054
94262568 90589354 16753175
70687676 5209370 49377504
60192259 24453725 63088205
53327623 98705868 50527501
53808004 37258701 49765354
82266072 91301295 50883341
32807874 24860019 48951507
38905218 99875865 60776817
74072141 71261169 84772251
44902235 34758263 39916489
90146854 48981051 77393220
1969436 9152159 48969541
18484457 7266998 41532972
33151607 83040159 42711774
45980913 61354437 7306034
57011206 25822497 55585992
10289001 19646965 90479231
58064742 24926028 6803556
75818031 67461230 58251778
32379471 18839138 68117749
47564470 29350920 15335989
574103 99384701 60296461
24806401 38586881 91704529
8152025 48324115 19301139
17569251 31212474 99752366
18095888 35333392 17546542
39779045 86623325 13299696
61195538 82840742 82109130
12603555 39469433 5302387
24265595 73828210 85886371
17523136 44433374 17498920
99641765 51427848 59069048
88097023 93402870 20811360
2178211 43671734 56515428
54006449 63982731 86245345
46840526 94732938 31574081
82707590 4290219 40580243
32343265 6363180 69782270
44602425 8248179 12217918
9006638 88694621 30925344
8105530 49801484 49119862
87034464 98012600 40495987
88832373 84553168 73927599
96295752 8326789 92775205
12343799 1225041 64483625
96073614 88298349 56458286
19032137 77477686 46956405
82707299 11196471 3981715
35578572 17620121 21074543
4767556 11627076 5681565
14037073 11957223 84717067
12200726 82695254 61087576
9474554 15889757 30352675
79474057 41669938 60071363
85588385 23616469 41208328
64345233 92847953 94661838
94616420 6015217 93668699
4287704 82428940 52257794
6603223 25197859 12917326
63547246 29792419 74775968
86443859 35550505 49908501
22916511 1880444 95993573
63334953 54410512 45673089
77322298 52396998 88944291
79213012 42690218 5584242
77233381 92748958 10380214
41030266 46515226 42136011
84478489 18691790 16704345
51937801 64376139 81093935
32350699 74197533 1838449
37458813 4317556 42618948
80017883 92217916 62741578
80044457 47874784 61194378
61251206 70693459 32394148
8250258 27773550 12240834
57271463 232299 42037439
28302121 4749367 32391336
91135975 36555669 69781342
96012065 18485462 48108836
76745595 57342023 4561894
27128554 44179801 2236574
27809536 67383531 67693549
72079006 35342014 93598937
50773708 90609798 72779718
88983003 75562527 12722455
87250270 58756484 76975148
25245323 4907996 46619422
97561639 63979244 65895203
28082540 99390756 62197340
29282412 77501344 74215938
3417093 24756903 18297446
9097490 84442613 12807399
61398094 16908068 16844844
12589260 1490084 21924223
92894394 60919213 53481286
89377211 64016919 80497956
75243451 74595352 96242831
58568945 4780213 68603073
22339965 51201077 87886073
62864238 98670443 63485660
90186459 27022570 98140921
33517841 11816322 49267984
11697083 37432059 53735197
14619595 99664045 63204876
20403011 80917153 79279156
71067449 32005290 94708441
5626681 48934767 91260758
28790704 97355736 37192813
45234740 3978770 92628133
62031064 9911432 5106979
7834209 46079526 83428266
98327755 54364400 15164040
45088447 26164134 66634308
7664130 41447607 89617978
27096247 2367308 895196
89147146 56824690 57393414
74143947 94456967 92351201
49271093 25220862 17642438
99347965 55025413 18839989
34062040 26869363 5594447
5627782 58681411 27061567
81796889 22457602 79928008
1909120 51773576 66115713
10901353 23772531 46288441
96116329 50905074 2170876
52029217 41518488 4578263
96946682 41759831 25501133
75596174 40368166 78199075
29572896 98411427 1276277
23771693 58457420 86214032
34377994 73819594 13229854
46218361 27100867 59965207
73844635 18599174 36669079
87161744 13540678 45544893
32202069 62348101 73312306
34642924 23683335 17373844
15989614 41021686 38796035
59172997 46914142 59126011
49525476 38586663 2134894
47908269 96304979 65852360
29086680 89602821 15492042
51623890 17381516 70735113
77286530 67332605 9443692
52309895 7365049 21222777
12154644 97479861 33095718
52380375 2989804 97461233
25982051 30112812 59911203
21003314 66369230 8304980
67170426 21367094 82688367
31843385 76646157 25108658
1761866 39199983 53854399
81790207 60439671 24855462
44916989 12315735 13514606
8967669 14913344 97010437
51251639 48102077 35102631
76834645 90728668 57023603
94710618 91958285 48904822
97655523 33112389 28568691
10198 15599737 31508838
14930321 98615681 81322882
47570530 85327157 69713124
14876054 66861832 98652556
54036385 70617961 17270957
67873677 57531599 35135516
32066684 92977350 96519074
59177277 5811009 11728222
21105653 53291775 96022603
66749982 16511577 57175765
3400125 49806018 96232199
13968155 62863555 78830666
54183962 39793106 3839420
85433708 43537220 66503121
32305017 50917881 34581698
40957355 34007061 21753326
66291219 48790694 76648281
32904796 54545605 87691097
22550808 72481111 38192560
79687733 53987876 77309132
59712358 11877663 29889283
77054374 20802395 6669553
80937509 47432029 92640407
18158371 59728731 58087117
33306574 9415830 80711593
98159809 27577217 13345185
38893389 65719286 78652335
6978111 33132158 61717939
93160830 90779743 17341729
25175648 70450493 65332234
47750144 91389878 23063339
49059138 66227023 8742584
87974618 28203845 61283886
51871952 47727683 76474530
87800502 21567628 27473585
61347091 27560276 10818904
74843508 73292453 50747718
77067901 6861950 12362517
31721050 82816480 99503489
33604409 37800068 78894331
61020662 48534459 22426167
62298422 69172544 56118928
45263163 57399841 19045811
37194788 6791510 44988079
52051618 47757586 33932840
81209490 920770 10591587
1477697 16150132 2480331
2726887 20009347 48837391
53783701 18197051 82005171
36920197 370234 31044463
82165762 1550917 16884650
44192918 13200485 99686368
30979349 90142694 60157190
37655941 94015276 50726592
91079168 39362808 29785952
87355967 85305710 57941475
53386430 45523753 9053423
71807602 26125452 26311622
44854496 17332107 65259400
41356107 65160868 55122045
2426869 84060221 26615591
857116 61997339 59678997
86828159 91194791 93266724
86169928 98383743 53668114
47054538 80171550 43358279
58433120 95998119 61602689
17709901 86984909 73029403
30759151 83790091 21651397
42953928 72400559 79912683
3063675 83743399 15386810
16896024 54930055 26538478
25043721 27888980 80516612
28751952 74323988 96287085
78365388 21389520 36061431
53072523 63571331 36980720
69163775 98284729 72183885
24006257 64891566 958135
20325925 55301405 71059501
88418050 70405343 32485969
94204837 88032389 12068663
85075874 17790817 46349014
