3523
23527 1920 724284
367507 111045 683945
41619 835891 155206
118460 253868 297365
82886 200378 63218
23347 416807 543212
433750 743577 23857
572283 285804 694853
509226 935083 965985
464948 848783 650159
22169 592663 8308
326705 855206 651183
927424 992685 929261
772812 781741 312284
745064 508084 698662
5791 627873 225584
358392 166580 958528
708949 61604 303219
934319 579840 853957
472987 419748 183230
151400 789479 698051
78303 343838 682724
299660 514707 290899
528983 837453 686742
729213 551220 47955
142747 325837 197243
572444 292994 71006
53815 510806 685553
335545 39334 731009
386811 7749 528488
701626 359463 430561
896672 527789 708909
593905 114313 471341
180529 517484 611395
846548 391921 385291
601761 599798 395416
923563 337211 873844
497369 616948 51888
185345 560035 995304
50552 866210 826629
890588 935054 267681
893822 239115 901537
960713 836626 57287
422528 13582 406170
318734 393795 432642
4182 484291 605315
739747 892149 635152
511900 91085 23016
433193 271864 297350
424802 577292 768472
488948 956421 284641
888033 300921 44347
210069 606709 642234
791524 715276 1841
855144 908521 554004
631082 693094 882742
386085 501213 829488
655252 218374 591364
536130 608132 953323
681605 908886 328425
580095 566288 731974
61824 307451 746660
451739 214391 499338
313057 57305 194414
776123 446930 94532
918236 259920 927546
998715 954572 623665
567618 817995 696853
272503 308295 191166
823221 722264 944399
860107 153624 938805
683425 651383 553077
983531 634971 400666
201212 525009 674015
64403 59438 703459
345615 881436 491196
286841 186642 935286
526659 742850 713919
296295 254338 245816
833062 993879 204019
81585 862249 40548
47695 242475 35470
54495 360559 451638
667180 229429 668724
386399 822035 542278
290103 698674 771898
645122 158665 914219
61207 56910 951126
970706 903552 935217
450929 769318 235464
246706 45047 351573
898493 197768 21361
252827 845869 401303
929868 941573 234450
442586 803713 833806
552962 176264 804466
256112 303558 297668
531482 937195 184568
176544 616595 547893
396589 105906 589614
927872 479749 875126
465387 835831 27964
531063 1212 818166
242319 626368 313852
302066 773113 603628
930988 557263 333428
677614 454552 397322
365747 512600 994998
31795 991311 569052
252354 814245 780390
959376 452525 557742
412305 10430 533452
298686 977331 230832
118202 851369 515170
620277 103036 144258
795510 828486 23435
553556 558089 48284
202314 730883 961004
252718 220056 881130
48805 558169 24232
76312 695845 613763
432384 150098 407362
443637 621743 539804
763018 891421 159143
449877 791204 933850
304846 946480 582220
778283 157404 9558
65366 940448 915380
371369 549545 177599
403663 843815 211824
121785 895913 238729
361928 37234 76722
87619 175321 735781
204898 590212 519929
737542 432071 499030
849584 810748 112202
185568 950011 482692
263591 49288 825648
900212 931450 483431
431761 151285 784690
427042 833373 620028
675634 906083 53437
63776 876870 551374
264678 843330 661987
205404 459306 979159
135857 578854 759875
227484 74116 87656
802794 152983 965928
485121 590655 801824
922886 886082 612760
355113 766163 711019
902059 955806 167539
751275 257177 965796
512043 236263 398207
19680 291778 816569
669714 848542 669755
255962 388828 889543
975498 407440 253545
564019 829332 44266
290424 551662 35902
579959 683703 879816
793548 630516 469315
696219 128112 112370
898046 232633 287985
972005 731424 465157
332251 634455 902716
90645 63005 977671
120941 225862 72738
899469 953039 299938
704329 979382 1653
982857 558267 252742
425317 649183 201973
179016 198913 190353
808343 82245 988309
999086 56512 805381
304280 185525 201072
963739 203161 311582
573191 876335 199314
264739 673226 606461
201575 2399 421028
463917 826009 645245
294547 323363 695856
22239 338868 419473
946205 39863 990535
524180 358243 249566
627121 883500 608809
802826 548379 579192
498012 847424 503628
542839 445443 758001
99034 882525 763702
517676 405634 169621
700403 625099 154686
165318 843649 87957
871659 666032 180554
818356 31798 406904
761477 671509 873278
111308 77982 582843
587832 631434 153839
371403 664145 783813
842545 927637 794418
260676 940936 762793
863781 182846 133583
895473 17347 960552
578266 940161 502482
634020 645977 212781
997329 126605 451231
769420 292968 512028
147071 959467 277551
710760 226156 422449
943730 927598 348375
677631 823385 842474
356154 517730 4237
932029 461589 221790
906923 17861 841421
505642 172374 743243
720271 89980 885827
439960 224784 541152
26845 965500 929877
986945 563459 335172
155898 231671 798745
127686 510442 272140
384944 299764 144349
241884 647178 976157
482963 96696 262714
545236 137406 498445
610910 17142 598990
704121 191587 737816
225753 77703 283576
610527 356332 508656
428571 763829 846648
281537 53189 924783
676210 205421 770332
139371 609978 640904
72559 830817 490571
677509 506929 133855
983341 429247 538757
375288 502618 988253
924680 736052 763749
181963 192540 435760
615288 650319 27016
866172 794868 599839
610641 35708 841270
316769 25992 741096
725474 487168 684714
500883 368251 803307
199806 301647 107922
964269 179612 681383
353749 187238 430291
4705 221746 873942
280549 91866 13866
439103 131781 466539
879578 507018 99273
598226 295227 220409
467963 357358 344373
473839 980293 745750
589738 285324 664084
704032 492073 977988
724496 837006 825199
682732 723655 326829
168766 466542 295658
497323 841922 358302
479524 511466 372669
316901 875682 320768
985848 109590 957336
103444 626660 264589
689866 337939 929552
726716 730726 381346
768457 519364 3154
672990 894911 990817
702073 974313 267309
522136 75858 162114
242885 819869 81571
381992 250738 610181
142229 655536 171123
453251 809098 466586
585008 471314 551315
113594 924374 706902
970999 130032 597314
229275 515578 154689
206967 669853 558670
48821 765308 426877
61317 225648 775159
405404 39056 176169
812472 528139 984999
241981 314014 292599
840173 905936 52088
78713 713145 758567
501229 747070 275425
290958 800485 863853
887892 815524 156950
457384 825399 751484
12063 563760 251246
644386 654100 179923
685782 253380 512723
829790 174374 461448
635597 893844 97321
469291 573019 517857
781718 154508 627166
511371 116757 398458
232190 130120 202769
598617 345352 709487
533316 832924 716587
932029 327012 633708
363399 566461 532915
134425 14921 792437
710881 618185 736989
993596 708038 398683
83002 250763 845906
296756 55108 150057
785330 117484 601552
990991 404462 226729
830160 730963 777337
722469 524137 436226
110526 728377 445799
296500 202641 667120
797938 696611 101031
949536 488312 3546
498648 99189 839447
288790 480765 973260
628657 191232 438363
757879 224889 508039
784165 750298 828425
456609 68378 608469
277240 964204 91626
681317 763297 132012
485054 179362 928474
983378 487052 955104
839505 611357 910199
201932 595867 581326
182785 563504 77321
182612 725812 279055
778474 311301 321313
366203 26237 439510
188440 735154 983456
717451 392672 852473
494185 911183 596482
852861 401327 809489
480433 133370 366957
493327 573349 223211
575659 336389 366544
101277 353887 267604
192509 942056 790037
564219 695010 497733
291254 803072 532670
273133 775082 693799
627367 627149 334768
347877 741001 502932
71200 881995 134599
831495 122463 111964
543727 203882 1028
920680 397748 402951
88150 898465 935766
823741 90431 546542
981804 166209 257091
157314 828578 874256
159245 16775 410651
450261 740834 554350
177682 479234 973556
475435 528086 618889
636879 627003 811953
908686 411915 88328
986032 428362 179998
631136 857026 34519
316030 551935 20540
408584 496427 779581
11711 334440 836207
932493 465011 448190
884594 605096 713241
602532 635949 708334
822412 945663 990723
259018 905813 562474
203632 935656 401386
468328 782592 924594
288711 432707 750645
877839 913720 536383
857608 634281 820679
252124 313613 820385
601816 679214 806717
170593 420524 430617
412340 382454 887040
987752 33809 491224
509704 631580 33774
305539 212743 355551
181077 266135 682739
639111 587946 392398
512975 886506 454218
896436 926457 929361
217677 663555 831509
478274 452672 103600
532670 469151 792120
173715 118978 754916
802767 466634 310563
904765 950151 247817
553554 275417 487937
689474 380848 216655
375903 715154 888871
205417 447875 155960
630414 470842 923206
482507 995011 507892
563547 770212 795354
496038 557931 315204
475463 910830 568115
779640 714314 97608
530929 946171 482124
644799 238036 880261
263442 740431 126502
128501 82514 668268
952564 791330 815109
438213 500582 731142
158394 361261 867905
684960 673975 848366
556531 158590 209907
349864 787226 50379
625257 659761 896342
976044 424002 559346
841310 384400 170690
561160 378382 270020
46009 553483 361583
57070 946699 149410
701675 42845 833972
408304 442941 34935
402403 32334 718951
677404 940796 831096
749003 643720 147036
157325 50804 182947
620083 539759 724640
236904 723600 123354
534897 78475 684301
386409 802415 218646
851224 571000 901597
109183 867154 496936
182382 548913 864224
78138 292324 779832
811690 208048 93222
194509 502999 183815
935886 689960 664395
168938 376824 81575
634746 92 786711
150159 212721 639446
242042 879104 597755
268590 520525 23811
621292 156673 599248
151439 559386 415803
50132 390033 144334
670398 251025 625278
211926 747633 660166
942320 562139 92006
738203 37955 244386
693062 100870 181730
124631 371086 861988
611867 281331 437508
643840 74710 828766
315508 925242 640103
306858 240450 723523
800563 626319 444704
853539 361091 284518
925180 276854 327417
569996 674903 423478
360808 263715 611521
800067 722200 582480
352358 495991 709227
204397 90912 584220
685802 657206 372737
80645 923190 462281
746147 678708 288140
476419 803263 920568
221288 213890 61992
300218 274285 407966
985468 964916 698069
757486 925912 666968
191478 410691 453276
276184 623100 303257
221407 293220 515927
805805 362863 975419
964770 781797 912052
332250 74815 963275
894984 621972 168693
832522 499852 857968
438262 330476 672956
64236 377310 908448
276233 836243 574878
794279 736477 291721
98853 572023 256650
381773 386306 131476
469759 528812 735685
268867 525297 483575
857517 198280 432368
193148 779780 626595
288798 472609 35759
367165 236015 900663
806317 270766 631559
247417 558244 286984
799065 665134 69199
648352 24445 302690
412405 475311 211631
969441 390423 708396
848143 241028 156430
286351 41859 970525
312787 977539 106408
376099 137921 14855
128017 670471 502199
937087 342696 968529
635041 350228 601551
508993 436650 30571
412635 718031 99794
544654 412828 798294
989153 680689 280175
25091 881777 475073
455630 96212 469893
922310 657047 307768
678481 306097 734232
465897 979482 191284
134611 741493 909518
155937 183470 26427
81572 434374 125609
10417 480100 95213
506008 938107 484986
777575 330997 515921
797007 492225 799081
858378 614319 810144
918906 16641 898630
403925 567913 604654
757452 277809 949424
438 650002 565229
284892 536755 536056
376647 607123 772234
198359 824195 404404
908221 900269 713505
904295 723338 522318
947174 411401 610855
354617 949590 654059
721719 649025 825985
433712 719485 207326
628977 223124 861886
540558 624904 175560
275362 733816 689230
932500 169774 234658
808886 906692 26691
499124 768968 152915
24134 594436 427766
93403 537859 715762
440167 561379 154975
805231 475518 765508
461024 741506 323024
429800 396472 144884
370937 675198 239816
979588 847295 649663
922048 294565 35676
534036 838657 699807
805528 817922 621724
469046 925357 173129
850888 485536 925411
189626 722942 495832
757700 503737 965733
500534 402785 835930
116641 481194 961849
327140 918709 355844
43269 777123 296822
952381 818053 827142
438337 716692 418158
317026 491985 509507
44287 29160 79631
980251 255777 245855
47968 814788 127457
667488 929931 728576
196892 221445 333069
844239 103488 730214
741972 703857 857741
108667 637486 415518
464208 752746 240363
267913 232884 20858
691889 244164 508766
703037 292524 57248
43734 274057 597959
124068 227551 506307
933381 593089 590529
243008 103381 405608
229792 191985 937120
702670 682957 213268
763747 451675 202298
241871 122317 67825
361214 257382 136047
421719 982537 993132
726359 220008 468329
409679 313285 639310
425030 722224 581048
809604 554740 836382
151213 149602 13253
560800 811036 995049
168952 789367 941639
270811 272120 268542
609935 244713 906033
132432 551112 924142
901563 597993 687708
105423 531108 625328
833071 308709 38697
779686 85118 242021
829967 220756 582004
978597 877617 679261
152222 947572 25935
768104 169623 333666
57741 500712 960774
185896 580982 525145
94593 191176 739138
228901 738533 107895
875304 161104 615167
881041 824166 843785
728474 830528 338965
683985 281198 405656
901158 305383 249540
305261 641175 338185
425498 763422 585259
829836 242857 471478
653574 538859 233353
918647 357447 829360
149250 588327 943190
307880 494530 320200
284446 127550 201203
91759 56385 23480
443352 472592 420573
630695 373587 353167
835255 936941 393557
767809 276855 211386
276943 205575 263877
204117 93016 344994
259418 482988 192882
995459 387646 639147
252365 730182 840184
921022 957806 968471
868295 278994 508171
372450 526834 648832
860134 799572 96488
510774 983041 838450
505688 261616 380191
701156 600774 678362
912242 444077 635533
604971 603667 91435
212845 705553 506035
986447 729548 809385
830510 954142 790696
291743 517417 530337
162269 787556 278973
506865 61370 189445
973701 191744 190250
44329 810340 432887
998185 757622 821830
705437 145055 252495
938539 8257 478693
26723 755241 944994
460875 847929 586615
861519 430461 382552
142228 588844 670569
998364 220657 9581
276640 493501 850824
809490 827954 835870
148609 166083 467404
745599 987674 671672
632934 604227 21101
281310 232480 191368
594701 301170 22235
245500 794147 89156
32203 411585 756323
650528 395046 266067
691943 282522 79419
862471 461098 561164
287149 913666 718111
69382 589779 186159
293865 694628 716335
796904 25872 598330
621403 620471 429777
460594 161697 174759
16793 349892 500668
697692 661413 109772
718951 16713 739725
595379 99722 942837
973289 50428 508211
626697 30720 965306
524882 76738 863458
568943 757712 810008
441667 144614 355483
925209 980915 343664
331271 175039 282726
558751 995079 488060
224683 876710 644466
788186 679943 177409
978317 793660 896726
225557 358301 867385
755761 966369 939264
300838 340935 348840
704491 640735 555270
623771 651765 727435
183079 110739 243740
875494 242050 142765
53539 479567 137573
885743 885151 440922
868930 815126 303733
586052 461331 170133
527803 39639 368539
506699 609153 842128
823383 917763 450390
298953 539369 457389
803745 948770 245692
136916 334533 720637
507978 574834 493738
505003 790131 957895
772070 613167 319519
752163 844420 651760
525877 191589 261708
786389 634413 849469
516043 577392 722546
810177 626253 658733
127716 620279 485392
605289 415805 672422
218330 915376 221939
20550 759299 680807
230542 29884 426747
436570 567674 924074
236560 601391 241736
694849 452764 523512
320031 751529 115461
901855 597280 184985
461648 84976 327113
455956 667060 676235
15174 664148 123603
4146 320706 360888
473488 368902 320759
20804 243009 382854
733500 62250 728098
850013 950375 487094
674768 882679 452738
58348 806105 138776
994417 633531 203737
782473 402950 742899
146903 879944 860194
113416 858398 114872
189384 54545 637156
292836 856471 18445
564348 415174 279421
280609 418403 187194
415601 413113 925730
693315 833106 488094
945979 492693 454336
239287 938605 228009
76796 639128 777039
566466 691591 950920
108107 603237 267001
987027 762175 208126
229280 246190 628344
131942 429706 92452
518298 358536 832972
526438 104197 87515
15349 725116 167222
574414 468379 338676
739839 448302 198107
594473 778224 881947
832080 978059 70483
719687 140649 909502
430818 711210 271107
977573 279610 24875
850419 476356 684488
252853 564166 858834
550396 248649 191489
379189 216082 935584
158705 772571 993329
193163 931691 494827
620965 516563 736732
476777 963896 189304
831443 957163 601338
194627 342296 45268
660259 797569 776848
612992 746633 645139
765685 932040 493185
219071 731840 678648
758355 543790 376829
864699 533549 21834
27816 142736 506754
465157 247459 648025
147500 558435 702773
71597 300638 254839
841557 119169 385601
51778 276 546792
820028 609633 572439
872407 467656 972639
777977 147876 902811
542831 974211 17194
284908 75676 551734
720552 679453 145386
458199 620525 113501
184918 81530 761312
826347 504699 148729
552874 798630 827665
364494 811037 131576
256127 641868 245370
28155 212772 959478
859696 620059 685579
583468 816404 756657
92659 406864 398389
484712 685934 503800
212172 56554 96064
955687 780498 552863
824218 913933 27238
530288 598113 880131
260871 287185 574521
180240 120295 896701
360732 633107 359212
531700 372885 537875
962731 591179 725130
202007 464104 543723
745287 9593 146850
464358 319628 129413
428063 444753 879663
674514 913053 518873
211980 650239 722442
905399 313023 29916
858740 111880 378420
98666 686349 643237
241478 376785 441350
780054 939874 143834
998156 375130 426821
658228 224566 940949
779171 830817 116636
448146 42391 209152
78070 406716 643502
964758 621399 285091
779788 888916 347624
484706 219657 350356
1435 5517 461244
267600 630598 412144
332760 451504 428238
345244 989673 348147
283874 878890 47218
564118 512328 432311
147472 332211 463785
239020 656360 717948
137892 737668 618907
324474 938567 326758
398383 794670 77109
153149 127121 653201
760702 809897 632589
679949 489383 701939
307889 702948 302664
372602 580483 935449
725552 97142 480265
734946 304899 165734
537491 112254 434401
94705 450513 32172
336054 407126 376065
368754 450967 128567
278358 559923 335236
850938 848711 497528
807448 954664 119549
268965 965511 257736
831701 720336 697242
913989 20712 768183
606131 579848 64054
333268 282644 664745
665641 953919 46904
249958 344554 196017
64106 607914 543587
450027 453327 638941
91480 966398 330987
868142 890188 35586
729491 183174 316388
949539 445958 963219
626152 542155 456486
118701 446613 296569
991801 354495 910323
22720 441029 728768
715690 858710 216183
444044 587617 921979
647224 564746 500508
181296 751788 85279
736684 133223 136376
278637 83209 217600
224404 602688 885838
842594 780299 16892
327720 791623 679485
558932 827260 860399
151082 410543 240919
989374 311524 604234
622866 927980 934780
958171 612043 608012
673519 31495 644204
113569 280476 446921
985464 566919 183995
514644 293713 349500
415220 396868 370969
599195 240419 718818
239520 517598 671181
638502 695498 840524
758897 488289 471474
288307 538685 349030
368010 319415 740681
235062 110779 24939
409087 340769 66843
78877 929796 231610
883551 129475 347435
923522 291885 77974
533927 350931 882882
986677 817847 810175
288212 387582 972579
373099 699061 297800
416663 244031 234627
343998 789258 869032
924193 477419 722752
596932 601649 689835
373261 367018 296376
714680 501606 222556
913023 324948 790895
136779 336419 609422
67460 191818 593830
671231 299458 792994
321185 254011 540262
565630 528708 586737
608160 193007 655796
448884 300875 201335
200854 271534 930248
503389 84954 97632
426272 699520 860330
8259 73814 384813
284274 238794 584908
619911 45528 589532
325735 756633 657966
265906 563891 722891
722089 913877 218936
8264 397861 954898
742372 472502 16601
327287 453966 937916
968515 516220 524294
437535 763691 497959
890335 257174 648819
588297 217538 375805
806721 799846 964216
710145 279449 906701
995588 542341 419835
507354 631558 97911
388959 498934 40620
374702 472373 48755
723781 312010 882904
893458 757968 887936
172797 964405 594061
905436 927421 524337
477654 263031 901078
612792 660361 842551
376112 268479 715469
236055 106544 69729
610602 156407 355253
328278 105319 755293
19307 943775 732898
966741 453615 847324
151517 486914 414562
777789 27100 897124
183591 228593 946511
119939 530148 918073
569512 206741 67127
223273 72311 223371
418568 330967 211588
566829 418579 301817
90018 725037 502019
872655 407357 799380
377351 762222 232396
58201 609080 162172
230172 282743 951909
824879 696258 406235
546912 290759 514879
351220 789052 55378
6727 389848 174473
116526 440811 310436
626527 950330 260145
803954 55243 291093
474591 904945 902008
572165 372957 910445
674071 328096 188858
467815 336053 167749
965634 877897 993550
636232 57220 615103
345452 915510 546706
372727 2152 90695
617896 750392 259957
86512 701918 545415
219304 94604 92775
614824 11748 129641
456082 552195 411741
734404 642188 332470
589722 997208 700469
654682 342924 270627
85850 185570 231822
785199 615191 585244
636238 758697 292901
414274 793658 791380
995125 852556 597126
74808 170130 977398
142496 259529 825565
175329 867473 466914
443091 659760 190100
653878 604763 255064
943340 129656 982768
17901 127796 141316
418053 689641 227738
269521 466966 55588
790586 842872 691836
446014 186830 336732
424135 150505 687520
336322 198629 882661
654076 4133 57803
976745 823973 118339
296432 773782 641304
799544 262134 576024
817386 312766 98932
273958 934132 494926
3575 356322 513981
516748 558637 747168
489316 507805 287250
324074 737158 777047
443539 854515 362691
138105 837962 841225
517090 74644 141019
693199 132071 872454
695363 723217 606081
247981 346240 305695
729828 867364 285494
445710 721295 619517
763028 106146 549661
117386 296272 375708
518681 558792 513064
996176 842360 760212
309897 534601 707603
554095 966073 379150
461820 629569 694684
155089 519065 437613
397345 832287 387814
529942 599260 935289
464427 562684 655469
260005 668632 511353
720482 205531 603635
92973 867676 332423
876280 898233 916127
975578 410238 155710
184886 149669 736242
208472 775497 210985
269522 105519 497327
189730 317009 423671
452613 876721 15291
166836 187309 668958
114193 938808 985607
853313 686966 215428
891631 702544 146008
253233 529698 230116
351010 598234 366536
908997 908907 693045
128319 408754 378669
262486 920 226251
342519 582832 396752
37255 71641 647890
254480 88742 116098
624270 579745 52325
265155 722055 66314
351974 645186 225500
976272 77053 678454
361882 340777 701912
671667 426244 149953
759346 887713 469945
190425 610737 36229
587430 221627 860889
430964 54461 444493
94857 979242 402257
909192 452695 115257
959648 324569 829456
532550 291569 176918
137102 995446 302282
888276 954316 823645
607178 599292 67078
310687 942244 727581
922693 750719 836124
507936 686292 756600
265512 854014 507936
470006 71479 110075
352789 516241 924892
928696 658680 679986
108625 482066 466840
858523 360641 163111
811800 367945 778428
223699 925473 541555
985080 296991 916366
783263 994374 912892
713178 572858 735104
963262 751562 67838
977257 840089 990886
256368 68391 141831
350076 231896 491773
373667 838136 18315
170228 991594 467602
975248 317956 938802
807477 458013 218034
65553 238901 971676
663861 715882 496333
20767 677466 590072
891266 657071 679724
708666 684707 221803
751168 523471 947501
249204 367005 810847
731423 354624 776828
287420 885375 266257
686784 905113 798220
624157 748239 280786
146526 362666 572685
39747 623142 113813
552777 100705 831713
764511 269319 234275
302501 46255 320749
790924 664381 262746
274578 643864 108350
380565 211108 100978
382636 249004 772181
666180 716822 227015
743538 402230 956753
181357 594081 764705
789399 470959 602087
863049 922775 308674
433876 355208 257458
424960 255055 271570
364071 566535 457746
431492 209442 652904
249053 622332 989886
223366 128387 323945
822658 328211 930933
676240 479994 452425
730693 329679 242658
397689 714647 927347
693232 618357 609855
687778 262044 731269
497834 130450 853127
155249 619402 863075
105176 234098 760986
352045 363325 413596
700904 159617 87773
286998 514675 272294
684053 32495 252539
743514 431555 318093
142083 808939 850055
581785 83476 719138
82365 655340 16
523516 911973 619619
50753 178797 796887
659661 155521 854190
619653 257203 465815
250124 50699 4601
760044 766862 51571
294385 655154 117857
201991 179030 291670
692428 218337 575498
719012 576723 670628
346541 438041 3195
432587 124045 418717
520336 4446 227702
471833 270149 878775
901770 169704 74660
695098 183090 728463
728439 595093 865425
784359 821668 433528
752126 381126 556173
146146 572018 337786
599822 361994 496938
524731 911520 728066
219567 244205 756575
398292 433265 157365
386928 828019 5116
727247 284691 291884
315182 558431 368605
229885 892178 641410
23788 718884 818860
929209 807427 389499
116835 104944 930132
835962 124260 504966
60942 830280 642592
115313 820550 995498
127827 917265 755443
939857 663658 918585
635138 83278 693887
996166 149364 864999
930761 406390 373228
668926 292296 903387
708048 416842 520615
321640 422185 503394
811295 320512 860803
106741 289165 891674
227422 141720 285441
632558 548675 585268
879435 560903 310086
235329 176872 64487
507514 144960 159796
934844 218433 734619
876786 612340 718077
528056 211408 667363
357470 212949 810813
460706 23010 42782
444974 933013 263603
456617 21575 514101
925367 766207 948627
521765 166462 867591
688302 825397 217397
443953 448690 98388
190473 933018 501136
634911 740068 717208
599481 203835 40616
621460 445585 407572
37051 657405 382940
456360 185790 148327
454647 422884 271045
766259 791289 123118
758503 442119 671172
597881 364216 804223
455158 824970 567325
449295 73755 817616
275546 201563 956884
571012 687446 821405
559762 739724 725684
819807 553784 856294
954602 873403 90460
71164 491645 703419
776693 809691 875349
849461 20333 827421
167860 414928 891340
639624 862275 284052
688894 544336 332156
503346 87198 165254
486398 655653 905663
189578 778272 276246
364503 677456 708946
258378 91340 860860
92896 631133 63901
827664 627104 348755
261454 776769 441156
579127 250172 182126
136729 218378 923420
810531 458429 919643
435951 483260 275814
938136 762325 293275
969434 950521 41666
298129 14822 898351
361061 707419 574589
756971 150278 647868
545246 347981 282418
726281 278071 753829
923836 760740 883710
356679 43442 99595
386840 322543 530309
366154 531519 233458
839458 554335 388043
742712 182723 569203
72684 177151 311800
657751 588261 607086
442277 326946 616739
733392 374760 726977
870087 218599 817766
925398 682724 597339
575053 319677 79850
774771 606596 238872
298440 458923 613367
508305 126549 219012
176522 825192 686000
810765 525844 3661
288958 936833 506907
686035 860013 709688
186041 645501 698972
692947 677450 693223
206924 348404 25434
127445 1101 524980
466026 34165 822495
403436 769957 176626
554027 670798 628289
384265 104461 805418
504445 30956 958622
641375 594519 411504
804922 713805 80671
781689 341482 784196
479329 443659 26839
530768 71605 926960
870745 395674 484698
978448 522273 224456
785382 219148 861562
93873 397989 361748
966520 412506 118872
2790 9036 475627
472803 919364 912513
453156 975549 561137
454944 241931 622736
441310 61326 209644
818755 686986 105464
565118 247916 284812
279900 658739 854055
484767 465810 151674
29252 581555 254980
380688 196267 640060
783522 571854 225923
876684 923292 114261
269403 744890 890737
650458 823895 626619
621542 186477 387449
275239 684579 614551
700844 177314 565365
562446 658000 56753
554157 992606 249704
59843 70392 927571
226393 934244 879694
130721 9825 356131
326679 243588 993998
225081 398036 890557
648897 130085 289249
197789 849956 329643
392525 812758 110032
739726 31076 440599
662127 754237 101179
505105 807556 377905
227172 378353 820332
140294 97713 512611
472680 521518 683010
746303 410673 160899
227075 536299 535657
826126 490355 924680
941144 708412 683537
381753 795756 195176
965561 318189 102560
10233 262740 603542
663263 929306 737839
761428 987011 890881
884141 454324 140144
483571 894525 305090
468139 477052 871342
906640 794602 224268
608660 399526 911922
493669 65954 285554
905382 72120 268033
106020 94599 382986
710549 275082 465244
839911 9553 477276
515344 485499 682559
266369 440461 659424
419243 983084 482943
313976 718504 710181
852183 953291 614598
762772 940289 248727
167444 209233 484619
71563 520094 44751
431112 910003 599304
524718 632397 462161
70561 231596 882006
475957 319645 861635
617957 281324 101241
524865 948268 528153
879071 437479 639861
681832 588165 455521
758473 236545 35990
438724 435546 646735
896082 677097 898603
990242 910462 160829
123682 307844 5093
206036 767701 34697
21483 802381 270558
150238 959032 279064
91269 272615 76038
743952 487781 311163
693280 828789 716924
7352 798928 85495
214262 616977 14131
414091 587444 829532
799832 499264 651558
390093 436774 580464
834721 264264 651004
913813 471890 610275
321479 941703 796363
339336 898141 572290
137947 743652 155153
669059 863015 638572
426578 113272 860738
991269 39020 402011
470913 645845 836348
493293 910480 180037
505761 935120 23287
418763 706053 778444
560623 435978 908740
268734 828022 832527
582684 833421 523469
817084 870541 375987
300961 164117 808326
473726 940241 710188
706316 589487 739939
575720 100922 995965
490714 669088 821701
705725 589877 84058
839949 887400 182054
411446 576919 100672
421804 814195 918140
691728 797608 700720
664455 100659 54151
674950 129901 106004
506797 792363 336661
128384 657723 174768
674610 225370 441513
238517 73360 241600
468530 815063 795209
378990 565983 920163
567278 87570 76258
752314 24116 724455
874461 129542 415083
110949 862868 72636
140215 61052 79859
43050 81201 709441
744660 731396 469578
20479 352951 329475
385547 562193 746736
668846 437352 948264
474389 16739 184647
584380 975028 717351
597564 167765 691815
982055 475746 935475
834233 317582 214456
347697 774846 268586
957194 414533 681766
806138 725897 360911
297628 163617 320522
453800 396865 58610
610333 730525 926221
897988 612564 355839
738635 831658 256666
1011 548365 819718
689659 834540 94248
43890 637853 166452
633114 438254 280120
497923 854616 524230
303729 236910 322840
325893 825598 549754
721750 265223 175426
831668 646525 789933
866679 261986 561822
21143 199162 111044
587197 960172 985196
414946 442789 648698
650842 959068 392593
789970 420851 28575
104799 860738 566702
410595 589907 935392
868538 751839 493788
126306 486759 48711
173932 22994 946964
435165 953285 948681
548629 940466 749064
273536 706505 785779
975822 812190 435131
408476 100902 717520
571998 512415 8960
363698 167306 112232
70077 220570 744795
798131 95558 416463
930844 736002 44236
771754 499716 39246
571803 242964 427418
205764 971950 306047
931912 624272 718776
635959 349589 924668
170947 395332 971075
593968 968674 993377
705053 456372 496171
577434 14248 327686
754243 757184 591409
782625 759042 227511
724642 832757 851064
740497 207265 65833
960453 718282 486942
757230 646039 220583
947380 192046 368460
726424 895645 306585
762644 822220 826743
590050 771942 805872
993607 715397 390311
925635 147167 878032
127071 957741 428384
945955 690150 647289
651147 294938 683444
542861 144050 242153
332100 195841 193502
141057 479455 235673
472119 897790 463355
749842 593096 568968
559666 895217 609127
232756 168780 429715
308079 85121 180844
21130 746679 201324
173942 974250 660723
221231 369512 62832
515539 694682 415561
117885 666225 378599
244773 855606 156647
507968 255573 12676
852742 776311 912837
668805 585135 82706
377637 406647 921223
750646 358419 3539
229959 792897 159844
426397 626843 144159
905013 354651 240763
684360 877060 436789
812487 982196 423569
777785 820434 172950
477368 370502 238963
372576 506366 998742
778481 488463 68396
830768 869042 295367
174946 619376 28524
691244 843431 844990
482360 89303 233886
768934 299744 237775
799927 45569 578937
477259 899804 266082
49492 976658 328574
736524 325696 272317
691374 185643 859986
902014 826693 451135
897822 666256 232235
423733 234003 416842
769210 499008 632304
553982 666454 91305
38109 572045 681261
546940 922419 821898
526756 209161 69584
199640 606468 125469
417866 49566 815668
427932 31785 445328
956425 652399 678776
346010 277230 923671
100222 869529 961194
69659 899730 775311
498594 739232 97612
50883 551404 748615
270821 749350 94816
791230 899117 797310
692903 47790 71992
193207 573378 894452
353862 570051 2508
217423 392173 121559
273690 151551 486766
577982 360102 701345
714955 416649 544323
91828 120100 964051
610369 865983 513123
371804 825178 458397
117377 966767 231712
625975 485475 306855
535414 434080 340012
783667 429185 15494
165280 531417 877067
584171 53573 704520
514429 687147 371008
44118 807944 539231
411025 350125 32892
468273 421757 3658
144203 918241 961293
563435 336015 331789
773475 308080 40180
90107 601650 156466
836884 563462 380174
475779 918818 853612
141070 345960 563279
688083 234031 161721
992796 358977 214434
158041 257184 553909
225769 128894 61823
632332 273972 939858
280091 907178 301310
380344 322693 82160
659841 264669 920353
999334 181 67269
128545 425260 858054
596830 265304 663507
337834 734673 386355
881452 606776 193868
262012 680015 291568
199642 697964 154446
443 650257 348729
644861 755744 388927
936122 531564 156663
673296 678015 107047
256652 297839 536802
24068 770455 402510
584030 439049 756579
802839 752438 790859
422281 702161 227348
900697 646046 10650
627647 829135 328905
250320 282302 250818
741443 209766 704045
783506 1026 988990
130045 714744 78860
717739 565977 652898
873227 324076 328226
579419 946277 277307
221412 701906 391101
453626 105615 824151
332735 299228 274472
27124 359155 295381
402048 66586 306036
434814 274092 570719
713041 318491 112559
61979 477447 219248
426582 516986 690245
456616 777211 708648
978120 189062 56625
516047 821381 545683
809371 954328 158061
753206 848493 208794
681067 792708 34907
929004 185130 950829
162324 621737 539663
251141 263103 391597
151572 254135 496852
266249 140908 869963
871324 142353 667975
154144 685034 275843
667602 600109 404733
196172 12173 135315
418450 100034 21286
803155 4601 290053
612277 812885 836032
349004 568577 491566
914327 356073 561831
691485 134553 388388
803507 108911 186906
156929 177736 629644
15741 623517 27982
528136 202896 499796
82270 29896 159692
691143 404987 141968
220044 304419 557200
495566 575111 485369
456167 776359 970391
465425 650058 926218
926619 598367 748800
943948 354077 809652
4350 611518 891638
543467 78967 645603
402750 141458 453276
427695 725627 64229
781431 587128 532107
304690 755655 135554
232968 996845 768665
443376 547990 944499
470217 827950 623940
914788 886009 819343
73889 384608 279439
316440 487338 419148
772530 19893 654736
88746 219183 691626
263850 287041 226850
331324 210772 508696
177702 474984 225108
424792 7593 588977
82732 625295 504756
179006 598001 194214
847447 660726 789547
257391 980365 132378
894441 686240 491401
671594 741732 315265
200552 858274 252846
19441 67674 260372
61119 3999 967941
507507 113427 33523
299423 931923 423499
117548 467449 711391
125093 856322 960853
21437 510738 52010
349377 625914 276349
626721 313780 521313
745844 51355 269273
532809 600880 224332
715030 208216 880564
158724 910576 538268
254230 16367 544537
513995 967885 537659
876276 760851 382278
548541 706382 777893
391921 268024 573864
539581 115718 821825
997562 642404 330231
921932 494807 145268
544091 935622 950728
794987 793760 401727
71589 393733 810311
310394 412745 329901
995064 803168 53945
289983 958574 103556
458852 382801 476085
590737 684558 518891
617493 336780 450212
809301 640145 968166
774773 200236 840662
189006 816784 39754
585929 71877 287329
987690 57731 414808
869127 226236 177533
398700 171111 703419
829858 466210 773987
305795 108183 795220
496167 13480 201280
213198 138058 928929
943742 637058 48549
211372 541464 469853
877961 824454 931819
758693 98437 529295
627236 295698 194194
602528 117517 293730
274072 190170 518080
844503 920557 266091
367425 210820 152469
439272 271683 238029
476070 310969 673833
708280 450414 966536
784332 631894 717572
257310 796982 792381
860629 300375 800486
687196 895717 855142
368985 970059 186100
914489 684068 285296
395538 631914 997523
146353 460605 36686
953735 479488 676302
654133 12268 317272
347962 540025 445472
919069 686203 573764
128706 148723 582990
919793 896285 202735
101024 136328 72274
693505 253647 999977
691544 989281 911291
991159 6879 124246
591786 754416 951109
58421 275206 31563
180434 538008 721430
596318 829635 132165
195969 732397 839336
975058 770258 642623
405725 728809 140644
688954 823588 381192
944759 411692 288931
77067 374716 914101
307083 598171 833251
419655 418592 143686
787186 280145 248010
688595 321098 368322
405957 383750 789646
166773 402532 864974
538273 230347 301282
6504 266675 64738
502709 502759 992219
328741 282484 137504
969437 903954 605302
475557 79686 649249
905803 467342 617736
474181 291286 933088
253774 517064 952629
636998 215399 970866
410137 575696 253222
298670 766056 639651
568097 929607 919440
396026 135047 281476
624644 261294 495397
465340 719764 60671
539648 945679 745178
688193 637776 474521
112468 924984 446332
248213 991832 541934
521168 313743 219241
355252 707699 940978
653447 971058 307855
362821 681489 788203
402396 483217 335570
94310 525901 273926
61906 790854 698330
519212 93455 267201
486923 273203 286908
25789 994157 734746
939149 222877 176488
328309 634992 748422
658837 204279 850351
231224 253174 118169
599254 879339 57299
275742 889146 125044
204448 970022 458874
469849 353424 861107
731473 71590 95200
459313 9659 867505
565606 920085 439254
786618 876855 340598
147311 673963 189847
713784 41363 433299
294207 857707 180565
349295 866329 895755
60922 65402 70454
548686 558778 368370
37139 740241 893985
235695 601445 835795
286277 175514 897008
557880 636294 255584
113572 490518 897247
887875 971113 893760
70537 233367 495313
995790 914310 19607
484333 866039 353276
987122 510334 865395
49865 776353 282293
313553 739469 336576
100953 175020 822930
293265 774887 63727
771607 528476 418741
841907 431442 280051
421530 575044 919799
660945 95180 853227
838750 66840 815850
648783 635752 135961
82332 731337 725939
836916 885360 975191
155123 351503 422521
285682 941828 115017
409858 811575 375618
349890 399773 125513
517149 921813 589620
935638 194767 555612
781601 154410 550962
829674 314477 542459
510051 229005 32116
994135 763633 221409
470608 48827 106932
210641 373304 96433
358724 635628 105747
628846 787767 510664
363813 24023 883451
230568 617943 93450
332521 888970 349855
82709 375961 871570
971522 685480 500965
98514 334037 244910
151070 840060 266021
72141 589512 587999
908788 771607 891446
914682 927937 381883
323704 310090 337924
934240 928143 510818
95225 804544 552186
761865 483127 653100
578581 611269 806594
224615 297887 506936
812709 279923 613423
927511 547301 530550
656930 163958 533423
228367 558664 585991
591267 109675 434417
723547 149116 938216
655941 560090 92317
746603 484596 152768
877970 579949 936768
90633 315603 518063
426868 970021 679695
133815 15724 506870
803257 953829 89934
121419 790511 236422
788476 836153 738594
577102 366909 440623
119565 421084 163334
496052 666498 305467
342309 67402 214948
378230 227635 892
299206 908577 451025
475256 304859 234747
860353 923896 560868
319242 690254 611396
692534 600058 735259
911163 539401 738115
794178 150154 627173
384787 967377 90896
651842 978028 394374
618548 182498 105023
661987 636185 731160
838618 366919 292099
300941 547524 856983
32392 489336 585798
93220 501725 691144
73390 92850 492335
397725 843586 920268
318018 668061 190740
863041 415333 825395
558353 253898 932504
770705 604284 585733
500778 883898 882208
441943 637939 26755
897506 568257 163599
459458 96937 211045
866361 264938 574878
206251 584739 349738
477959 444071 688078
772977 530693 298212
413959 324411 314943
915957 391140 91294
427030 846377 118052
614910 654098 370213
816419 497897 25259
409781 310333 255683
300462 713874 247333
27228 362439 198679
434776 913344 226845
69505 909991 804379
69815 301344 737581
916355 335224 764233
997080 710280 372071
508005 685468 711813
922083 756245 697620
138191 294326 876117
506543 899565 17953
344029 145197 661644
211483 384340 985897
525271 9106 691354
151600 378067 745356
590087 83309 205741
228455 291624 345003
728512 748090 976299
752097 612239 768890
113404 552263 679839
141590 180446 415903
913960 903605 350154
854693 529067 639996
127273 210662 426831
633890 797155 828746
973223 10576 146438
580025 367088 860459
69073 139967 869497
844776 112424 147529
434717 375843 408999
527822 441212 789364
462206 304721 696628
85233 206906 414131
312050 975405 530596
172332 435026 778145
116717 399859 511243
954025 132856 147489
747085 605644 377474
440481 180135 429383
167470 748144 365413
600254 626551 105958
278093 487827 679553
839683 929425 775928
863278 957285 688583
169941 689469 979078
553289 987125 260712
107824 517023 161358
116708 496340 410246
783261 653667 54210
157938 148637 760691
364562 942809 979521
334555 498637 122596
952808 702080 386975
341015 304322 816814
505740 840156 455423
324006 394413 545781
330203 562307 274632
454806 887400 977627
802321 720501 553842
240885 22074 307697
798530 655090 763816
949334 518655 166936
665205 684553 48505
145538 816257 890630
370201 697883 49363
820196 706993 169855
348621 383823 882532
197225 334709 654715
720832 225989 867937
825878 512528 965657
273259 554221 226829
411142 504952 552801
427138 347964 951957
998775 5480 304933
957335 681540 844505
139408 796467 219413
555279 134389 597155
666014 160281 416525
805614 626125 959572
884921 342525 915630
742307 633505 609468
363308 117067 910864
260907 770641 810770
704083 476525 293033
725423 595116 118677
958762 468280 966584
919829 340676 101042
104704 762141 45794
354986 374993 195472
606700 652905 156015
764839 165100 12111
593520 532181 236518
467609 425117 956213
345194 876115 443903
620821 531894 837906
480767 844079 551194
253061 918073 402432
109412 85579 921923
687117 503916 130246
83182 115297 473016
857182 478384 671055
500625 64647 581694
277970 145802 625
741589 704584 790756
278993 338129 968022
198832 188314 100026
696003 432744 912633
180154 362107 212548
668304 956432 330607
196451 653104 174962
403409 641458 366754
147893 63579 430259
908282 835473 644328
775569 165347 354829
110309 9100 12801
114925 144582 633735
160254 422571 845141
44924 466148 915383
702610 334641 92347
332381 57548 37908
854080 682031 790179
46048 699910 859356
328191 590975 80157
994888 465902 518322
975492 161733 552234
238614 218342 729914
914818 722941 518071
762287 235583 68343
872936 541621 488120
200909 379375 758292
260059 720327 859521
465026 776409 605988
314975 364782 519820
212453 253768 854253
372497 169050 569717
962380 992723 98593
977066 463589 549720
127464 920565 421676
432552 300917 946408
160476 753470 560191
454879 224227 641174
325417 591914 136848
404022 363501 441593
443889 6794 26172
422680 897210 7811
269920 582558 706692
117509 128875 551765
142241 999712 670992
137119 686208 782384
968298 6001 627747
560728 837800 899288
985007 779582 763823
342802 36926 421732
544941 435624 646321
174137 27044 913263
3761 319262 754076
955261 509083 540737
608339 935023 240754
483568 349405 963088
388719 793543 821287
15042 738268 191462
141697 894094 192387
43992 177052 499387
667472 314431 302699
484271 466317 950790
107012 207907 321328
781966 302646 573042
404982 527513 603569
964984 181703 897685
111557 740806 876569
567900 106215 173238
880476 575949 414604
82657 540403 10233
63248 602457 422618
489743 670730 147521
722491 263714 815517
709942 428387 924043
593343 3289 962699
160378 17493 399584
491475 752579 975289
358099 890574 510066
673759 82409 608699
504062 915599 189727
472239 171888 482680
370302 789851 385423
533401 594467 436957
544777 979981 591091
467446 166814 752795
674803 272197 385176
159969 871600 884941
998865 941402 845766
446656 38111 276367
588318 701013 758561
72025 918328 519971
97376 106019 12896
523204 247953 773652
122443 262448 744465
248491 839812 540452
775553 385336 720452
165345 890605 477162
999380 933747 601041
369083 154375 933339
251709 54031 995208
80275 684217 731028
793144 204165 907161
928523 867218 124147
761324 706921 763440
408455 33285 523470
369497 989077 583213
387979 401315 169037
307598 458067 211751
208106 403998 495240
467931 565779 500262
971880 450277 826641
327296 461067 382893
37191 982195 72866
520872 345377 686593
518141 957914 501603
828315 937282 355269
774426 884424 533794
26760 259518 563241
536927 191689 143803
112699 76813 367585
749138 7427 875574
596828 372158 8191
964158 981785 747635
272329 859384 853156
739837 74062 639523
6211 612947 827151
84106 401835 949374
862637 711487 415514
359313 679347 132300
394898 880631 111491
665851 623350 708394
929495 301157 828802
379937 997560 445143
264295 583368 872157
689745 326121 916564
878887 236770 183130
849742 834882 310835
539067 119379 310076
376671 177080 572954
129751 661295 256060
298518 136576 821195
425174 223185 287931
503417 595846 69297
261003 293108 180744
428181 977767 114120
972687 245779 229625
488526 42167 419294
771887 783078 6465
761113 219969 306439
745937 996372 904507
744007 311195 367262
542213 487423 542858
634208 733391 793068
746544 625809 93600
842814 933881 918783
908147 275551 118711
378543 675169 361197
416665 370223 183170
112963 381471 839364
726571 842865 665898
918167 731689 763829
341914 130701 657845
460950 670164 895721
905507 645435 636778
639012 685674 229505
915814 691895 467473
11940 780423 413505
634881 329748 727464
997851 462676 792871
354694 558509 796656
572478 481454 857887
884760 451174 279574
121717 577223 828032
217529 991633 60995
489538 39331 441593
931128 556980 593916
713717 786310 905901
16829 11122 10669
151342 834765 156892
220565 993342 313465
275194 357662 722905
788127 196789 164039
768100 15190 919822
596875 723968 545030
830211 154437 437099
844986 162273 259107
141618 78218 188002
798675 754588 409537
425526 309530 298298
727094 21733 707926
99579 220891 422572
644572 644538 191408
364611 771330 899663
973577 325329 7058
630078 130561 700348
674007 851049 387989
500525 525830 952686
299648 303639 72569
609531 221036 363321
14019 844424 725428
428823 982946 583414
839896 541718 386871
175427 672987 356184
2025 260096 154845
401243 880969 606990
200389 834588 633988
573887 486933 365005
392416 449383 848774
234735 689754 436407
726105 73908 266843
524074 787715 182596
438392 96098 567602
494284 824655 160141
819566 163707 694649
265087 371226 561346
719021 255953 630983
474740 953195 122169
154719 313281 177814
304656 414734 361940
860424 606582 641254
461976 418563 347954
751116 8639 452633
883871 326542 737791
30803 846967 826518
596395 930110 759866
431286 863722 754998
64041 435565 859440
484908 470114 61863
162837 740794 504691
536478 881605 619792
835725 841305 836736
768552 449590 943926
986998 531628 654546
807671 396538 182504
211914 161540 877344
451621 914894 57888
348231 752121 552027
802318 974212 590195
281152 591964 319525
591481 450731 329192
812459 590728 92619
634966 649459 889074
715623 836883 396314
459076 81987 820650
133246 811027 530380
270797 470218 163443
319610 778797 887839
841907 947479 72467
391127 437947 562889
99183 197319 499414
28544 653103 179180
214302 437790 835940
877153 123240 388154
758324 15552 736308
592181 503044 475377
987909 969223 602404
106031 709607 498234
163513 844818 816993
253261 912678 270145
703652 765148 743114
567952 495777 475314
298973 330920 630458
869833 984889 893856
57565 329423 656572
714425 692425 549865
985790 400495 355182
293272 650091 942494
294462 112385 892449
124080 529639 519013
295486 522302 513326
539571 421737 995199
919221 747756 896956
924993 864596 773751
305409 480358 281447
514503 213549 404122
829456 907243 846579
718184 75730 374989
906199 505054 994190
70600 76793 562919
494463 40078 542885
845537 863935 67785
690895 135197 142156
156059 269924 962987
81166 409615 539185
484432 681194 935276
513528 826281 151132
820256 128041 89355
102168 596695 540411
477327 434317 575766
346209 654991 263520
817215 685681 404372
134241 100011 817974
949166 465199 217900
283262 857856 678935
345244 127062 753042
279511 575221 799495
605713 821382 394053
908630 100179 452679
296759 889823 454187
776121 92592 697135
6251 334617 96362
30366 150211 468670
621272 899665 749649
745665 85821 521108
296748 724897 664231
176667 290069 717062
457066 464947 818725
318836 471787 401820
236012 981903 229078
964632 491420 484293
351508 781153 838639
798459 414003 649652
567501 178196 917698
543356 851611 484340
295020 251929 443558
393463 813737 581331
914832 594573 199966
719999 884222 473132
355374 848287 945373
122328 650514 1941
754219 534961 682312
914673 339626 260237
387744 693500 775097
363873 310919 750087
367628 513949 977769
42295 537012 984195
716821 332377 694622
770331 841456 623289
140955 121414 677545
770377 653501 304590
686199 191744 120276
895673 429136 311339
652932 302049 502477
481653 866492 291647
99929 377239 375232
623765 826427 794209
127122 512700 248458
657060 151100 247436
311756 817886 996128
735457 307572 281362
673000 141147 704682
660089 277628 244692
721531 919620 976071
241522 103310 142492
595712 898422 274745
998184 173336 311977
811696 663786 993855
504541 271779 529194
923951 454053 190970
253297 188265 208934
84674 959411 80476
904249 666524 862261
292562 579730 958548
928413 592900 822920
198422 214988 528393
767878 354481 824410
645611 665769 710043
193581 996640 493458
226631 725856 149965
992294 321769 745439
831582 551362 375557
454014 913585 685684
923351 522978 418259
932634 991009 194227
927690 997003 589861
652353 547286 423077
904806 132929 582068
406675 283739 243078
189493 801651 148331
492236 49099 748942
255203 412660 166233
674872 882060 491201
125477 732514 397895
116588 177349 663034
898577 881698 553382
907783 542956 197312
880619 198598 305608
24833 616913 786649
19763 531013 751061
145532 661974 270242
907092 418687 606045
468450 977677 6188
182882 727524 917436
445132 632658 839588
301681 828136 346269
644862 441579 654243
197216 358863 750571
899239 560487 176217
888282 700862 735227
24592 631140 84442
558279 763072 983997
941116 849310 217861
644316 478415 965484
796791 423800 308676
95767 602105 827681
34650 72945 852810
448763 439314 468459
852644 817960 836941
556827 257110 971955
949976 303830 873798
28230 443966 8771
91044 140731 318842
953207 268638 9998
998422 552995 373765
39938 196141 236377
977445 334621 867806
462603 453938 808448
128434 36825 994852
510608 909137 512034
28371 705618 163736
1957 348486 259764
118866 743295 852582
583802 833142 501793
817943 54878 355030
933327 670901 26501
723262 296893 848573
190412 50922 215645
203055 684087 181069
809648 525211 739791
156984 511219 768747
950944 131418 260103
757324 80352 752326
660205 971327 462750
831795 490640 774044
662378 187742 862099
475668 177139 853965
59540 19292 531924
718670 461848 730442
378895 654400 507279
200867 259099 568753
63002 116398 14021
623344 846505 415857
429079 935375 38136
979145 833534 67254
429364 665996 441033
667775 436420 892054
221949 248916 679297
216439 160262 992386
957538 180637 494374
652344 744472 918122
976955 866400 7541
491285 597056 257611
391494 788749 850639
246472 775960 88463
904862 344850 833942
32823 590509 123070
82839 65406 130625
2895 911935 22758
735980 324141 136050
194016 390412 485375
303322 166392 997412
442536 339852 567916
685207 571874 631306
940452 460135 278054
171988 809236 494481
101641 294397 45650
997440 874176 427640
193398 590947 923330
38630 407919 666763
313199 42771 215797
759997 210524 395879
999775 835076 564275
765310 513622 183378
320782 338426 850900
661710 869219 257654
147428 60561 958819
560825 169942 248213
299956 330049 44189
421521 519874 791980
408467 51533 66711
878920 299475 184356
947995 831944 296528
440556 965872 480841
390599 281526 398864
840857 7130 815901
298021 531791 37704
461155 652638 706197
403913 503875 375105
912738 61684 168205
864455 826314 412648
62855 936210 982885
608023 406375 183005
306925 384651 83628
290320 453052 816496
376503 569584 70159
970583 349554 657537
732701 524292 517801
953544 219249 518968
283065 872116 928933
842004 426181 784005
845863 643816 829444
615604 11393 5973
82166 50687 169465
475632 199956 988501
425546 224681 682874
12196 56110 38952
430677 823627 692741
438584 838271 963347
280922 291332 808415
854744 224868 181260
950188 521448 87853
953622 461307 400052
996986 383787 391518
992724 171765 869774
936863 53200 205453
30520 650981 794877
333705 580309 411873
840960 791255 547819
153551 649195 282757
255167 982869 748148
106541 814365 294629
790917 36242 234786
725312 580649 110419
719830 978988 421079
187933 859006 948174
400746 929480 434236
242562 643946 69966
263066 330807 365409
603750 896949 653924
997774 846809 618565
251523 456735 35189
238131 350990 575480
64232 346613 647191
179051 571255 524550
965749 548707 545449
237099 359673 88342
774934 496759 571027
578393 755546 86260
142765 788470 531270
134480 986769 578368
315476 729329 134120
516318 718067 761354
417969 139947 862205
650141 995153 369467
904154 284908 402960
378040 572730 460214
538972 176639 265356
855670 245775 993748
383424 710003 787534
260727 633442 742942
374104 499563 595479
987830 113394 459126
956552 438516 624102
609571 928376 99973
141066 976163 168180
477543 831737 38853
219310 709889 730087
156844 794503 139093
871624 264468 84658
710474 251968 432190
199831 499495 617564
571162 984259 572906
279332 160002 454993
455695 174149 993396
863655 296801 692648
536050 664287 99419
956770 214645 504219
353404 929306 506996
865634 688571 378689
662065 547209 682958
684658 223568 393879
423593 990008 465277
994907 563011 613446
794489 104662 454485
400635 494928 987353
579075 942182 295889
620456 293824 415217
71810 322150 287516
371561 513744 35521
817117 247007 117912
338712 994369 429668
606025 877235 322416
159595 354635 24823
998212 653396 677799
394327 52193 568806
395145 161875 919794
26250 364247 342071
339166 209235 701723
85596 674219 716022
885615 733170 979702
587343 362688 349711
661772 155573 355048
122595 980867 304231
738834 669601 822631
592834 286280 826560
9331 269391 244706
923378 736857 999030
220091 521007 563034
356542 251761 833213
588352 841718 504127
691139 614525 596115
684196 414079 929509
189345 2535 582033
50337 696902 206735
287607 981702 233279
259080 285809 573513
752711 504136 434931
133091 4681 834828
177162 717753 499261
468116 767377 923797
34326 327254 942918
39287 884205 252089
514025 761756 28261
364145 770354 288097
746673 947837 547662
578636 646105 101886
398592 325861 45901
11096 226962 612369
231446 397198 884431
276056 92819 473404
841147 619907 776676
164655 180205 637842
841592 149804 964110
663163 986389 418016
452119 306515 137793
577769 602712 211235
200780 944554 529208
591827 546057 521582
613238 433703 532347
36065 764761 68677
576451 735995 836798
428643 612217 482679
734793 133686 208563
708464 479116 632066
804248 705860 726221
872755 630579 574423
172216 335385 8433
506010 329682 466583
58242 808259 639743
150881 695118 27769
146443 751659 412360
718424 726489 333318
597052 950476 384715
776425 453317 662474
831783 545137 443674
872210 821180 97605
592193 484536 83454
546314 401730 216519
626189 795989 799532
340097 559057 922932
771272 247081 463567
929410 934980 947720
724245 913530 168009
745966 732138 25681
577558 203582 164794
748697 294730 922287
58973 8277 115050
230820 897252 589672
489298 525379 378565
247921 836392 611223
326346 861344 492403
206755 339848 381001
836956 521298 95315
196184 364114 282001
128032 80420 859540
393322 453516 176651
162586 285014 616083
125213 361766 593875
223341 235654 209669
896931 651358 238475
838710 191648 345236
138723 415138 930926
191226 98619 777377
263706 226825 277360
131709 243827 414014
759081 24274 77312
247208 156754 263104
289709 270325 422507
685072 593831 62469
944828 523155 493184
169690 840246 80886
915571 52303 916858
71021 1980 200285
559691 111283 509019
523098 983156 645366
382648 280310 838102
441525 984185 964960
666644 957179 315126
958069 896039 904714
628717 795977 196919
497625 258256 484929
803007 326486 374899
944016 143506 330025
413432 606127 803361
985841 391087 171597
175779 594402 131354
15297 515845 325462
533778 836182 341190
516139 263008 151325
109243 552188 643491
637003 238611 73896
849481 622580 112375
948334 303724 473360
209851 95722 215620
344739 678740 38312
259642 703113 928746
620221 427660 840887
829853 417792 266280
626523 350084 302746
161670 967870 262645
136635 878660 810874
833932 919974 966615
45744 707826 399158
204311 468828 685414
556345 776740 910747
294133 676237 252433
58880 112716 513406
876874 678016 547011
704998 158787 468195
19342 79393 586734
239683 638789 972507
761863 948451 955577
95876 727912 54498
841019 237589 747908
351309 108345 457361
176210 688399 953618
633495 487129 27243
575067 620520 143341
776907 123291 609294
197610 898159 577270
168140 511209 490582
21964 314860 426374
335867 104640 673512
570820 612304 459705
434390 627681 595097
660267 354271 367062
588437 543740 609596
493477 50196 413085
236680 739285 859741
130548 414010 298739
156862 211639 21224
348720 476975 175862
650073 903869 627710
850848 151248 709270
904599 967905 701482
391548 726771 44192
583630 999133 388575
799106 378631 993758
585872 86257 609755
955437 475401 344648
829758 641147 236245
112166 714517 419364
628384 272537 558547
293015 762836 201553
93288 220501 564951
366316 778065 590157
39975 661239 431260
419911 253865 597565
629376 812545 79773
170836 853269 583795
91154 341688 404721
707327 168337 841218
381830 469408 299090
949892 249341 978593
607497 165517 601906
334382 494854 674338
411193 958972 754673
688237 19428 176290
872514 369356 148672
685968 636645 573717
74778 903916 241296
358731 916219 281678
875579 234775 772450
394552 753724 730157
853358 303437 602956
267036 761114 805192
80035 788327 728746
374668 750511 200633
48774 290827 471619
992482 480844 350434
823010 952596 529158
707008 257064 145058
645982 960313 738017
722412 460505 687669
93305 610222 576570
116130 636532 985431
549194 728834 915095
577154 684190 11444
22497 965790 127139
682514 628645 102946
321542 152827 435446
127720 136853 969283
63166 527020 117012
531015 132365 39721
718121 421612 770773
152424 984668 378514
835351 891426 956934
944619 9101 575157
373959 605364 912164
997611 939035 710334
621686 604552 379843
787535 464002 819967
333246 382780 37217
277549 480414 991354
331563 283232 851941
574723 285117 517080
531877 16794 778126
241705 841681 597930
489380 408440 34870
474782 611058 519023
239674 147568 999216
423571 436213 712013
731537 835640 881555
428046 17210 530313
311117 731478 555878
501677 803110 603992
577537 772357 366955
336623 639851 500121
525572 672154 235230
344078 767957 93554
415366 744341 457499
810741 956174 125414
155276 617696 11281
969882 723747 509899
293645 659516 715819
581008 797627 152309
200557 951549 739175
240586 372721 708496
737589 376549 575318
280113 530425 671813
22256 692227 927550
764448 816154 322104
788171 337628 821976
832507 56743 251220
839725 563128 950282
578867 367729 38199
395528 687860 814277
567038 258584 374170
722973 652916 890948
682391 650494 134780
878314 660770 654459
639856 973508 140038
572311 168423 32784
832649 110044 819306
406326 813017 154787
693277 511944 640848
636770 198805 999664
789815 30387 176961
171175 620585 293658
404831 870649 431454
745089 963783 784904
844700 511806 513636
684756 653378 621259
671384 548041 137407
843935 512376 192916
552420 842261 78203
341788 969407 471748
858884 275847 449005
981852 682400 418865
472714 706469 962200
638576 552989 705368
10968 518899 537871
842155 213470 836879
345455 640030 804544
707855 511364 955415
768995 585479 857222
379882 636201 894110
294782 841304 816591
980424 489762 49280
473990 49733 246725
26773 569202 346903
22560 972990 976481
94292 694720 163502
9828 162388 825587
384432 284311 461146
535910 145417 490107
471957 489551 51917
94351 333437 533670
52207 487840 456389
321234 336975 29749
363034 876057 803701
483993 385188 995563
320146 55570 374680
634043 906561 632551
841917 567848 364320
95834 868542 8152
849473 202992 312340
5148 349711 871927
299631 877678 995663
98441 239338 30652
181246 201843 793804
591549 252606 848772
557117 152223 684633
577190 710625 392061
616416 606188 161228
186997 372166 239446
29493 104448 117926
456158 867048 932373
672988 562820 428347
78583 565028 835690
171040 152790 262313
133867 763070 586557
22603 513046 264145
455494 378497 474939
835983 350912 2264
987250 953625 520425
267971 210408 172466
279011 24035 421266
364959 874876 886994
807756 573254 601983
571964 792633 633983
690415 986104 301075
651931 677823 556559
634494 109186 336135
896793 750881 112649
873626 844166 298591
125299 702701 588335
356682 262051 702606
969318 689789 729910
685500 821339 801292
504204 905067 270566
180207 30692 135957
246855 847555 586646
506743 98645 728025
596084 285191 899826
409973 508897 330996
820933 900534 126151
18122 310726 603901
568125 65081 794358
97064 991380 687909
814919 735709 521285
142126 436068 835418
100112 875981 84845
800710 230914 484935
691310 272696 824122
213807 550550 564773
913438 951929 813841
709212 413999 400500
774037 373848 788709
503827 953896 229654
874970 804674 446117
540833 810079 213105
705174 824330 503207
574188 773536 362109
244817 559893 413653
222515 353863 585944
606332 256152 358046
247793 485624 380471
38929 475471 978978
866331 658570 876861
138336 47005 493939
320023 558790 436067
653767 447848 635815
905901 949824 771613
180071 434018 132606
425976 987253 12989
767600 369881 402433
883045 746034 86722
138094 984136 384041
28207 132678 95895
412621 145397 557825
332113 278394 306123
134437 239633 874567
743885 189517 199409
269904 420801 492725
268394 676932 149941
222650 607350 597887
379048 442269 59058
570768 329161 508670
215693 60301 6934
103291 428841 779114
563681 79680 408035
765578 315616 385372
679919 990150 308853
336077 849627 430976
475499 945142 401219
724733 536294 935174
625490 412888 489188
312474 258523 693767
532757 587971 305355
729175 518917 713169
627975 248299 690787
607442 36776 285069
593282 871064 453976
157567 8914 854570
466363 82860 687564
255363 650804 332142
285692 712140 35954
803158 434392 433814
167471 196744 435941
471926 672590 248467
294079 623679 996210
603775 492741 405729
57087 91311 690748
347527 146814 756522
679422 661268 347740
721632 270452 152573
91932 229876 416016
220839 257091 111108
824758 858421 58361
79528 818202 576732
145272 572639 187919
670555 908639 413766
15374 649253 156465
60287 461248 430208
851163 765620 549336
377992 959020 941200
452177 198868 246690
467857 247321 754127
402322 332032 172602
265104 392387 353652
842069 5509 412872
824604 127707 764698
722061 912358 172124
413839 867776 78803
554428 982481 482167
414103 93089 682321
829473 810360 515621
18511 845128 950264
172542 549016 595160
658951 103997 542062
116166 616048 793881
479832 379822 564386
114177 609139 401977
803472 463037 26136
181699 351803 955688
65108 108130 862183
859492 511169 439959
568204 341243 498868
45960 540237 53739
870013 819269 666866
901154 316823 674609
590771 586787 689687
43441 284617 813654
218950 410956 395631
958774 614615 717376
429036 796116 247336
946443 522908 160405
697195 738139 562124
231819 259808 745140
175198 578548 967770
368278 750187 421381
68097 429933 658130
13461 144249 744909
134730 971382 180192
436244 897662 347756
736123 9328 940262
571069 222304 697296
577955 686057 217315
642437 539273 212909
537039 418383 84104
71635 410184 958118
138583 484672 88632
132947 90756 993710
294558 391323 895420
99572 12840 521614
245766 36825 51437
293918 854360 273531
668942 952658 246871
647550 122099 748127
206940 812062 295420
986071 138059 226725
696627 977237 667503
938046 159591 297725
323644 735729 327845
595381 72604 270378
591968 437134 511859
998941 260397 287773
267026 677030 174604
19694 141492 125533
783518 54602 481637
61864 560566 556243
884523 748153 871462
295339 964543 808916
169922 312215 677154
229109 190945 890184
469532 809031 364111
162758 941038 124259
215396 515988 228283
858801 112614 918133
687343 756447 384223
697824 15491 388514
568371 490706 851974
871613 90420 707982
213627 650558 704483
962236 500487 576430
878018 951726 114876
171676 839988 517403
391671 643623 903284
607637 129197 755562
94380 312415 18309
922349 579271 585744
345314 147254 413663
219708 492231 89262
865854 81057 882310
762689 317896 745984
349302 520671 307557
869169 156697 508610
16763 186628 309817
377536 658597 453240
918991 363249 497756
809858 6689 227389
370706 907429 397550
459776 499517 580066
880769 545727 198733
253795 397075 799501
199964 538783 125368
680821 390777 122407
410499 662547 998593
587571 257425 169462
790854 134516 441946
183197 524328 873384
891404 351503 205985
416978 585019 218073
913238 193010 499015
334571 67969 192456
176804 842039 620665
562531 339942 741495
87406 24387 462107
297424 70034 165369
577227 871125 59848
291396 469253 845785
462066 559778 297593
384711 875689 101439
717357 958513 482620
240332 301886 399245
57667 846404 837945
181661 421673 902211
314899 733038 114873
561260 931453 265866
872046 87302 946854
21639 701051 948195
413579 160093 714203
323451 447352 147207
455076 249169 992534
29063 498247 841077
40534 274761 287184
939076 201188 609585
96628 442867 346356
665181 230745 462696
736038 949440 261052
381519 237661 263629
762122 222980 460349
523167 909824 220113
663330 244456 771346
605767 269972 268669
707124 44945 343395
912029 700353 460346
61147 533390 953781
690532 421518 855101
900775 127150 806168
615678 203723 218200
941573 226729 729405
369429 230212 294790
549436 78306 455920
527606 723569 731333
228597 938973 60877
555110 470196 827581
114618 407298 939304
469529 349391 132895
398327 104003 488227
356353 812222 944607
413801 624460 445132
705063 650320 392098
468410 672192 971957
567100 124425 242552
684598 617324 158029
33931 275316 761331
527461 227737 664502
426994 525355 47257
459891 5280 644094
322179 441857 737910
772736 208372 138546
887157 989614 950174
758163 646068 968209
380632 761380 847287
133392 73554 21845
67729 511912 229501
398611 635297 785674
816 434874 49356
422215 559742 747419
553725 950469 277212
437933 389402 417340
495202 409276 624243
340050 271502 837866
581456 803642 774974
152468 517976 400689
426482 231797 678149
211963 442967 42706
973666 308431 930774
283491 436394 591813
686777 590577 228821
418910 822114 168198
386276 414684 699853
646066 537587 521772
715312 346593 372388
405491 893889 876936
773494 419844 845296
720057 248887 192204
550090 430339 436474
906224 138776 94275
993675 686946 755259
809420 685930 586565
929861 689839 398140
40690 51165 279067
532824 71746 207830
947100 927578 687664
956465 980154 101638
549272 175426 140588
607747 52748 594505
376989 773400 257094
458986 381015 273402
799242 672839 253964
917464 920563 830887
978857 342300 492056
592732 462116 4899
113000 521814 688953
354759 980761 716760
435252 502220 449708
665760 144829 940326
499583 71076 843573
253910 977056 155608
20796 283503 850545
658817 609173 381478
837190 914182 507541
444237 56809 676803
839969 633854 506344
720048 133140 732143
982507 700829 277852
386565 836549 420658
54908 892928 771791
948766 894038 190405
72057 854371 324623
541969 427683 379127
769884 669566 668336
79134 165615 803454
13296 939751 583062
132183 30271 399816
711158 490550 25589
941312 626339 645169
671148 360000 886391
325732 642779 635882
883339 241395 297771
563443 706874 31033
747721 601675 789523
95883 52410 421355
820028 457687 582255
266546 916325 317979
623278 757012 609970
165386 308900 598215
212788 346537 505726
454964 687655 671031
772150 335061 335569
760186 402249 524733
677244 50167 170626
638927 120480 97576
720688 935265 57469
153228 969592 787823
583488 626957 308654
103360 673754 919942
684745 276216 426267
253155 392859 454301
792900 793453 362035
361272 453809 361995
833207 194719 531334
515663 315810 179732
537680 494806 932338
414675 270317 610906
115776 135552 312076
859135 398885 518972
569584 817078 353897
359505 892740 774125
417420 278279 446514
232705 328903 410623
363444 397850 250762
543104 890844 493222
249083 695413 728117
409850 86180 371076
634340 191286 846364
323196 128501 428535
889127 439269 305246
525019 568168 486673
39885 685743 812344
415316 368076 991311
376435 573641 246811
831712 734653 718975
624141 827243 515652
577214 801045 584747
434006 147872 469851
38755 184010 722438
262162 533537 194647
455716 666203 376497
191148 323340 187804
64037 531387 888320
247026 249403 477042
430680 922540 973399
692058 64192 356769
592893 567759 281369
374287 758873 1081
563600 444519 22442
564081 79353 930961
726922 438396 209014
113218 68509 373014
832325 716924 94832
714379 269571 574642
520865 955205 555377
532522 176330 841692
664349 786545 86948
62375 89 979738
133436 195601 191193
956113 161248 2804
130436 377928 701103
639441 512144 504851
295188 492788 544154
281706 403609 570058
392672 49658 981095
244977 297995 259437
568996 646419 780883
659989 359028 776464
277128 885711 801120
854589 518495 349458
887673 70744 866367
477776 762943 681781
92019 318309 716999
703725 462864 451286
844093 420344 112973
833987 338111 730484
575329 868921 812592
253447 99397 888517
566100 500906 334413
54563 85889 576266
530664 180134 323005
309374 749220 892133
430616 325901 324700
449710 624042 505170
889446 148193 376241
795813 327173 16164
409920 501470 812680
90906 187487 268282
946189 466478 647893
805921 756402 949766
708112 687651 406721
515831 313084 207363
321370 337187 775311
885615 459753 530273
994991 744655 502210
453055 615630 628008
51819 282437 756265
436383 575399 241277
357886 746909 551284
890767 93456 633684
202034 39418 903987
102063 895274 821159
622049 548805 859888
489336 550479 282674
603697 300015 386707
334286 86009 837291
777909 193530 255677
126630 587950 694522
155604 679621 630594
651483 182378 391186
711891 970783 807802
285969 144797 970499
470821 665837 910850
563117 410315 590250
619789 572768 954374
730214 390644 389101
608450 252390 390392
847575 550619 741963
260014 497219 537290
176520 473311 835112
346182 991796 609606
929306 903314 866202
924974 668779 295115
835497 403750 572398
116507 531768 421811
275430 188450 771749
464803 166936 866848
361298 293958 231610
788625 208012 2562
494266 212607 542420
295062 76729 812411
373316 92882 805793
381473 288334 546522
221636 674228 692563
611827 296298 824507
537859 993270 574305
712983 683594 241463
207386 300105 351855
675187 178364 479998
625628 105593 546905
516033 735445 594004
139096 90881 231393
408827 877664 818170
985566 74049 678034
597140 509155 530508
253070 829615 34428
371266 9339 901183
967520 243384 57167
971360 298451 709823
835756 710881 166255
136966 978822 825974
824765 895326 443676
749764 80197 54308
593802 22142 285571
829779 145966 330027
792908 594913 771773
898725 220163 181379
690644 587029 454518
60654 115927 618066
629071 703950 382051
429860 126217 838524
312655 273174 108294
431612 414704 309136
412170 366302 962067
171994 388428 323788
208769 243291 451255
577343 356744 312029
148588 101259 394909
735171 995696 105620
402417 914235 995291
570982 621323 864201
535603 322692 95787
147471 260994 44215
480955 344197 844004
7211 666326 524787
622854 390796 528417
218225 421038 744612
92081 821186 232387
778182 81579 884730
685674 645191 339957
407915 415970 388161
599727 413144 491337
516801 729781 916477
145008 482360 740176
612057 827099 180365
515616 744949 416005
73595 410579 387832
46279 186878 780928
208852 749843 804588
209937 801 621619
908217 180530 327065
421998 835080 12206
926168 635621 776947
547426 750673 191137
319811 496914 397452
336130 334082 521804
933384 158673 113672
14425 460936 901350
348247 314156 368744
57567 146702 244443
839556 617509 433215
62770 774705 510580
152084 569540 887795
132400 130780 448627
524821 342371 420597
549131 955571 753635
174579 365512 479112
170731 419439 325005
884185 320024 624506
588548 416769 177923
797951 844929 583254
735464 136008 53772
458375 385934 941158
508096 58919 210267
14313 59296 890187
317919 130271 507727
425586 278108 13246
33481 3669 386623
193810 998032 57346
625459 624822 687682
448253 961612 584035
443806 150571 627913
910039 1041 145635
128516 78803 999444
469315 70260 241722
982725 279781 545038
723645 987896 152523
69618 130637 521101
398780 780742 745454
662464 134142 572103
921617 21119 364161
630577 590590 761615
303456 969148 741391
714127 244888 888204
598347 419252 293080
803601 974513 653694
400783 425902 630278
427461 35515 455173
137998 868607 495279
655014 409918 19636
527118 44596 24927
312925 671030 954215
361059 848973 752645
578009 228686 332532
156850 900845 523720
657520 93471 621882
837017 517946 965825
420945 597589 553337
120480 13088 125734
769057 534312 775240
932419 429130 983605
193811 736078 24074
295750 375943 403395
289619 601999 470764
534532 265005 445252
335141 487288 361860
825160 773910 768427
929893 869017 438832
513019 461227 982165
561988 541988 145014
620938 585779 110176
683435 864139 883103
32859 114650 840517
896793 821817 274116
213456 157537 825470
149725 234324 256087
136479 54003 528413
365913 650824 292222
318514 80900 723997
313143 834039 570690
398243 581923 307094
347321 179396 552368
890377 196248 634337
862872 497242 474687
