1000
31 120 581
267 105 380
154 13 240
834 840 199
647 649 573
748 337 148
958 913 505
316 288 742
620 613 962
167 799 513
14 651 830
334 88 765
363 219 211
310 140 737
538 284 495
766 875 300
909 855 562
407 743 751
402 995 227
427 233 521
1 469 506
45 722 304
429 487 974
897 106 270
892 586 753
243 795 450
962 621 496
527 141 50
969 637 192
768 635 545
961 247 753
615 5 976
1 692 389
794 958 830
512 735 415
545 864 50
930 94 371
766 164 599
638 58 684
494 988 967
545 373 438
848 383 632
957 410 565
660 761 198
738 184 635
151 717 936
68 124 636
281 25 936
178 494 385
372 605 100
251 367 51
140 656 41
71 372 204
931 251 199
589 729 816
184 647 223
433 165 851
554 700 687
245 65 774
266 953 730
10 602 646
691 568 969
838 684 899
152 160 571
988 519 963
717 326 752
587 150 57
429 104 87
168 905 817
470 533 606
397 406 602
275 260 938
326 960 732
726 159 391
443 279 416
470 505 453
735 455 13
545 821 975
730 994 927
772 515 597
751 481 554
920 841 915
406 637 185
347 11 729
233 11 574
972 703 757
537 60 624
717 320 627
971 129 315
495 260 948
420 791 212
681 113 465
727 257 217
473 421 372
423 458 228
502 377 65
67 683 762
653 727 520
677 952 988
195 664 713
152 789 294
187 97 875
458 831 626
308 505 886
247 607 572
153 267 804
5 940 385
74 523 63
642 413 340
220 313 963
947 821 223
512 17 569
11 576 748
660 599 658
849 106 625
816 236 280
127 415 514
522 976 291
874 60 981
298 596 481
546 394 501
222 502 281
526 538 901
16 123 592
169 57 774
477 786 376
47 293 254
832 173 281
119 326 357
987 322 660
363 676 886
170 836 365
994 510 291
698 553 201
497 893 548
478 571 295
550 960 556
338 845 81
871 769 512
257 23 334
154 970 907
427 18 703
921 105 814
355 740 682
468 205 658
474 427 372
865 41 400
926 438 506
494 203 423
891 32 980
325 878 736
489 14 738
413 878 22
584 725 309
141 245 91
775 89 902
753 668 411
468 198 934
63 684 35
801 632 923
145 290 184
631 188 394
809 207 834
793 994 834
972 523 499
399 18 118
916 11 330
770 124 647
899 274 800
784 320 692
755 811 754
664 27 375
454 621 425
474 429 848
385 318 150
788 281 182
645 388 394
695 809 744
999 691 468
385 875 920
92 223 321
998 489 558
565 650 576
998 140 64
186 136 970
467 121 109
798 697 778
521 503 274
635 447 367
414 988 837
1 769 950
443 634 350
29 124 477
658 107 797
340 677 866
471 762 206
334 882 314
469 787 817
945 450 236
188 177 957
705 696 713
82 20 366
980 737 520
6 944 571
661 418 897
335 897 590
110 809 183
316 337 969
882 934 173
190 832 213
668 523 837
204 156 886
491 612 135
531 510 925
505 806 72
493 828 377
479 208 545
763 785 947
995 938 770
244 500 97
721 450 609
709 289 6
715 392 175
865 253 956
76 682 719
686 303 480
498 396 835
534 108 433
606 92 839
765 987 620
868 316 163
603 10 940
406 100 229
186 926 606
894 141 902
79 190 571
991 825 227
513 474 475
373 238 409
524 815 756
709 41 127
222 961 832
74 725 745
86 513 892
221 152 656
527 213 533
351 326 990
84 670 532
831 823 967
875 508 741
392 570 202
776 556 31
414 13 766
301 685 48
379 16 649
390 888 478
506 509 661
60 688 276
722 872 202
851 188 563
314 34 142
187 703 526
607 760 836
564 606 960
552 70 761
27 530 781
503 813 711
238 989 385
699 294 660
195 353 214
588 638 830
314 9 379
371 322 137
44 385 97
531 640 178
573 962 755
368 638 772
562 303 876
108 334 433
811 144 270
757 11 43
403 28 435
468 175 338
311 927 40
518 873 427
825 308 189
855 616 496
756 961 276
387 371 246
595 275 269
511 833 969
323 341 128
633 237 757
648 49 217
231 867 480
67 360 545
963 692 685
762 876 247
455 636 183
32 63 546
578 206 898
469 965 672
87 733 460
841 137 498
874 663 884
290 293 57
833 830 186
169 761 522
981 93 524
341 583 98
749 7 824
822 609 28
722 530 138
299 406 467
67 934 277
188 89 459
243 728 865
300 40 319
265 876 749
13 638 292
40 221 177
966 870 946
810 983 659
88 417 395
457 782 529
371 616 533
628 397 688
585 87 478
815 114 477
813 484 573
280 527 576
589 958 114
171 439 42
152 406 796
685 541 206
604 715 930
840 277 103
86 618 567
314 370 278
819 214 766
905 488 426
225 156 444
314 797 775
603 496 316
207 273 908
851 488 368
330 280 792
763 848 625
796 33 872
283 767 16
28 596 887
281 526 769
424 58 421
908 39 606
959 29 574
434 78 550
322 32 37
137 164 133
28 575 814
97 880 880
431 667 323
261 34 29
784 381 224
727 962 9
957 125 109
115 440 296
519 426 699
765 575 948
134 953 40
493 203 977
688 641 916
685 189 595
5 750 423
638 1 17
337 602 713
322 864 538
256 693 448
625 292 649
385 16 158
651 468 860
493 759 327
41 769 347
122 527 829
25 940 243
827 383 801
580 46 516
776 373 24
515 105 552
217 245 480
631 266 44
764 128 155
30 453 823
762 745 645
891 268 484
333 586 893
173 778 943
587 730 651
55 928 423
688 557 928
963 918 279
514 256 597
782 957 973
573 537 679
580 837 776
462 223 89
662 326 132
821 922 785
968 832 407
221 196 837
805 996 379
894 323 137
713 764 579
858 570 197
701 741 442
559 629 45
938 373 357
425 284 566
704 133 902
221 587 9
790 177 506
87 334 189
222 13 808
718 901 57
773 449 222
573 454 433
265 660 259
463 985 537
304 878 133
451 835 271
927 52 937
21 267 705
384 670 649
827 437 883
277 333 859
316 488 709
833 805 281
998 401 116
858 934 940
78 499 56
673 909 120
459 150 659
249 584 979
224 422 712
31 503 623
570 358 306
77 338 147
151 481 767
563 310 275
661 908 4
160 171 301
355 845 277
632 17 950
585 627 121
709 815 160
930 763 623
117 942 388
245 276 867
931 973 836
445 863 929
947 624 398
476 845 963
114 127 379
160 283 220
720 611 450
841 367 469
865 673 414
167 294 750
216 912 6
77 140 460
922 304 85
600 941 576
322 631 180
2 200 956
856 699 817
939 653 674
66 559 605
272 64 434
54 867 348
45 292 151
191 453 750
89 64 966
681 426 18
960 714 179
510 4 557
139 792 770
506 499 482
319 222 867
177 72 996
958 331 775
782 294 199
752 347 755
150 49 176
659 114 120
800 579 201
502 465 976
549 868 810
54 175 186
179 834 772
19 169 531
781 385 991
442 544 89
65 464 515
162 229 895
424 184 109
66 836 727
976 138 993
548 558 576
930 874 701
63 925 908
957 396 843
400 163 231
667 57 996
516 17 605
963 376 785
13 541 192
517 580 327
885 184 404
142 47 291
676 721 569
679 366 577
266 313 351
611 630 882
725 399 923
943 570 733
164 808 615
846 63 791
98 721 102
175 409 613
252 645 297
230 541 279
959 223 112
804 436 856
827 660 936
25 739 626
503 212 758
110 408 423
894 624 11
626 55 427
330 64 183
318 310 213
150 156 606
527 15 321
33 356 294
820 470 83
136 604 356
862 683 22
399 419 784
230 256 599
668 412 723
698 348 662
810 522 727
539 637 901
367 65 34
994 343 151
266 584 131
854 314 351
991 451 414
404 992 313
692 779 715
617 704 937
994 426 683
223 644 205
683 415 277
173 118 961
271 138 374
259 106 212
727 707 314
835 932 190
65 103 959
301 363 628
943 7 819
191 87 469
752 349 442
438 896 872
558 763 604
457 43 256
511 86 836
223 343 112
202 148 892
727 117 221
322 850 74
193 52 742
873 404 503
785 996 139
167 574 373
612 257 655
864 706 80
132 471 182
73 345 614
413 639 466
287 640 662
955 256 160
467 429 322
853 974 535
875 157 727
770 898 897
86 514 86
731 358 207
87 321 589
699 504 686
82 620 472
912 446 64
99 69 51
987 561 995
6 51 128
993 64 60
744 488 857
611 358 337
306 806 380
786 149 537
444 965 298
234 713 122
633 229 935
642 497 85
58 1 288
728 183 397
148 194 642
872 979 850
889 270 274
872 1 728
677 906 586
481 701 69
943 3 143
183 339 765
251 482 127
376 19 727
586 919 185
445 552 810
555 39 471
531 813 535
93 397 66
810 215 223
376 171 865
199 369 413
369 321 375
33 308 482
765 49 575
987 181 664
602 626 628
935 508 757
669 912 451
325 513 202
670 468 951
217 706 189
1 302 620
614 137 734
625 131 609
709 715 426
386 981 464
530 854 942
386 492 721
409 504 795
411 323 468
627 549 372
663 212 740
49 831 785
801 553 902
934 355 4
537 901 933
522 426 509
324 809 104
506 708 238
730 223 75
853 635 87
237 598 765
378 551 795
164 837 136
59 250 580
762 440 311
837 511 671
314 147 602
510 835 15
445 279 786
69 399 782
694 874 521
178 578 483
593 714 282
505 194 13
207 964 174
346 393 101
822 547 531
738 269 261
969 884 910
873 876 152
675 677 535
295 446 101
519 805 529
764 715 309
213 643 826
316 270 826
33 869 869
333 61 82
975 804 283
441 227 636
98 160 654
735 926 897
167 948 866
511 492 461
810 720 689
2 851 662
470 740 174
516 39 953
377 32 473
326 12 381
153 780 77
827 981 821
813 420 432
72 455 558
313 866 272
981 37 467
274 266 926
115 634 476
914 134 372
553 342 753
754 597 43
216 992 888
214 959 176
773 38 652
742 291 133
75 795 974
677 601 377
900 572 181
980 283 616
208 531 466
71 738 684
714 95 680
918 552 262
867 479 183
791 706 567
911 496 837
772 475 133
132 546 58
879 902 919
677 777 187
468 696 551
132 774 156
256 824 540
730 244 755
919 362 48
185 479 807
995 819 442
880 464 246
238 853 644
428 262 426
380 463 44
741 898 954
160 226 973
983 326 467
17 459 934
547 69 423
404 93 516
388 79 357
594 242 21
499 415 598
106 875 845
68 323 674
354 953 710
401 991 55
704 161 451
404 197 950
820 605 786
967 944 746
530 837 91
367 278 864
958 565 842
969 153 270
56 300 849
451 114 543
795 650 699
533 547 151
149 289 79
81 662 850
659 767 171
436 635 798
634 109 397
954 533 959
721 74 569
473 424 232
746 651 126
513 905 717
473 90 348
916 54 650
669 442 528
532 525 197
809 625 349
201 659 536
755 944 968
213 304 520
91 247 469
179 282 416
738 44 966
264 30 26
803 404 560
369 394 393
362 504 640
175 800 835
46 446 260
840 388 620
521 463 730
274 434 82
465 209 127
742 224 650
412 662 45
569 424 173
153 159 43
955 830 914
705 444 915
233 120 714
888 417 379
157 387 197
682 29 867
993 802 567
126 776 711
73 906 544
643 746 163
851 429 534
326 310 571
761 167 969
885 45 610
575 988 196
359 936 394
360 701 610
61 184 992
806 267 835
157 909 132
112 305 308
490 221 560
520 718 396
364 165 601
438 593 244
179 864 295
700 384 68
336 27 241
177 649 826
104 501 77
440 173 928
299 26 994
280 910 565
947 548 277
441 417 265
912 403 39
365 119 572
427 86 547
162 654 975
218 370 771
809 269 738
744 434 212
339 607 18
118 574 376
278 801 510
346 205 259
370 933 612
982 666 291
481 825 661
176 873 634
515 632 26
954 397 508
239 258 341
659 243 47
386 698 340
494 404 584
182 865 233
608 728 831
16 673 43
596 295 518
19 618 595
831 787 270
59 727 16
334 933 696
980 251 994
431 128 217
957 783 105
636 526 149
36 433 724
790 324 703
348 114 445
946 970 433
332 58 308
959 144 42
56 241 676
281 581 789
694 874 379
185 464 142
78 68 321
399 660 762
513 603 857
947 117 361
229 57 490
944 272 668
39 517 744
99 963 343
247 984 961
197 30 289
90 192 806
40 692 729
218 918 827
895 66 38
169 585 752
714 124 223
940 665 332
647 634 876
455 42 184
84 605 105
152 812 705
271 41 377
346 732 935
850 178 365
269 48 925
322 715 330
453 281 667
467 995 715
492 536 721
707 244 990
695 453 426
21 643 472
489 188 975
831 446 998
788 89 454
1 606 270
919 293 590
796 295 769
374 297 692
865 196 652
354 341 435
199 50 636
231 554 790
509 707 581
227 871 390
194 481 364
566 332 638
168 390 685
449 488 964
808 767 540
440 809 453
449 942 810
513 332 266
590 258 74
372 886 405
225 288 41
667 819 368
577 667 826
699 76 412
464 956 559
894 571 334
453 58 569
158 562 209
422 479 615
528 472 102
687 632 38
120 62 976
59 730 219
267 251 665
989 431 333
963 280 551
525 688 966
520 440 150
292 605 336
868 676 748
603 639 900
131 371 497
887 717 313
458 488 222
906 978 71
671 263 284
259 85 269
84 473 408
850 406 262
221 788 655
296 224 249
31 654 96
599 122 382
961 453 406
247 919 15
185 782 835
123 964 654
211 525 154
165 591 650
222 829 368
379 891 971
362 107 664
364 857 543
528 787 216
130 765 824
669 74 797
613 595 676
232 956 375
170 703 998
573 806 752
869 906 936
679 158 247
970 133 283
243 418 791
691 613 276
312 911 921
489 621 914
330 320 959
85 949 306
990 92 704
889 923 671
681 877 44
