3523
71677 291572 985484
802856 958613 973875
914667 644202 802960
519881 397572 938591
472123 237055 450171
516632 785539 996370
464329 694931 285246
293034 728925 381180
56600 300191 664813
344247 179762 627230
487947 764248 234347
383682 397401 352944
293698 233468 680299
383648 66641 135571
292247 714809 57207
888350 705293 406472
728744 466246 844690
977589 798025 2422
148643 394650 509497
245813 996972 387139
84073 370607 654972
967392 118756 360209
338511 583902 166691
153223 863795 676392
318074 597771 164576
773155 638199 34183
374718 472734 373620
16787 849659 195665
151872 497643 519085
799182 380237 205898
495922 388985 237374
990642 92509 220663
237070 114704 355732
359688 898401 637730
406267 811518 422454
265301 62397 499032
280822 774273 693204
45502 673635 2202
605518 8916 868235
956723 372441 822651
818494 919121 337111
447092 307947 85541
168478 333569 963424
65615 219340 729669
823055 496190 299043
276117 150323 553618
432013 384272 279961
173473 534997 523112
180988 380835 157317
205341 334767 498588
58781 311578 921579
506351 488428 303939
581631 803109 566894
642317 586118 617274
140528 577878 813212
626404 215640 608975
656432 725517 283868
897202 86788 772245
136100 686161 923590
949756 618930 425314
574048 875830 807195
228812 783918 590044
444974 252741 106430
477916 809772 205411
777355 799002 897385
637395 36206 957123
46112 143243 199387
832942 160572 913316
857899 435159 794846
326447 795742 243777
114873 490961 486665
69473 91721 655345
562768 834851 827443
679089 787613 666836
402263 516454 453104
316160 304889 959828
649910 40764 96625
808047 640331 351827
699807 140394 222148
607785 356550 999435
391222 754365 465381
600808 279173 891317
508774 491424 930103
977915 42524 985576
769815 108921 758906
540776 915668 154664
869315 152251 648346
765120 14490 68469
146414 931513 227183
225068 386054 444663
600865 491714 257423
15548 507431 52723
61085 623071 641620
400034 100617 913110
259370 184684 39756
531992 791981 453731
247965 380213 529390
180069 524570 849423
687873 199358 957660
11701 473957 461811
966477 845462 689735
731674 926270 736562
216213 909395 73557
547678 942806 724298
685191 403764 843127
738269 787443 78118
411734 465100 534772
385319 363700 82666
211644 928862 155753
569460 592715 960619
956438 107889 935614
138222 180484 337151
103057 538172 940109
671297 367567 490237
851081 580238 668826
808383 358415 581155
268246 345484 231636
593544 72316 314284
371441 663688 848686
574870 945892 923459
728322 218537 716161
594480 177922 968989
514465 812968 333051
30273 477828 697921
699630 152413 7869
803051 377057 480533
939562 24978 902236
188586 916265 199351
480823 418640 564899
974726 728944 872337
855989 111474 26675
304453 62092 912347
574488 688482 114319
387675 311858 451968
168468 708345 580664
850828 358017 826742
822311 194393 785153
639509 505613 71136
705059 471538 249571
372624 487990 579401
495142 750673 218996
879471 933823 968221
178034 332180 139463
424908 667954 954729
241989 613992 465578
912246 334119 818729
616728 311518 967021
536128 473173 900207
521478 267804 894445
566423 368087 814372
833543 550816 420632
339465 32440 128874
932488 901820 537630
193384 885749 105930
332562 244164 213050
857427 804883 662688
994517 36593 748453
7216 591821 197880
259596 409191 327432
467904 957503 44694
201656 881407 739056
338431 70625 148945
691111 809444 191247
370685 260166 670192
887621 491716 548775
8279 340177 465951
275707 859153 377456
205915 38181 515187
366326 165064 216169
402273 712440 791944
886098 629053 836227
259804 760041 684097
684337 91925 744981
320821 51590 69674
142522 889659 96408
443772 229331 44859
558537 277808 734121
672191 389221 102948
860929 589927 716320
242131 684885 883888
846079 330556 498290
495783 177037 912361
229732 930033 139915
751101 429148 560127
609426 520516 264276
323678 819440 220248
406450 499908 836560
315940 605973 784966
996744 329932 989503
963921 157556 607591
584536 495256 487416
333981 775570 958206
902273 946174 469712
559301 612103 594589
663578 463425 323322
257004 944646 499879
447612 794714 429539
10919 164383 819053
212201 749850 560431
107905 440912 24042
193262 837191 219475
33846 710329 90404
380145 790310 508857
635684 372172 618279
920286 59379 86112
187102 498813 528830
227783 189236 944418
262455 656845 268803
619085 660062 656868
406804 475943 969005
206745 492048 512009
626531 932196 696565
929905 869259 951007
363162 620028 498418
236944 47997 793608
183847 668803 787288
372470 838759 225564
876043 111182 726777
747333 554950 769683
847170 443920 30008
252497 5548 919363
320050 886815 787203
431180 926528 105967
112284 517610 479387
859033 501441 700617
416370 652741 928370
252548 907757 348864
618941 80569 210546
780150 549146 336715
713411 789435 660088
108047 75161 876624
796542 104962 849490
725444 771278 454082
686752 6893 516399
712012 928414 363135
686534 388470 864062
840640 281536 961002
811010 186121 44636
541229 554155 709530
340270 978530 689462
129782 772625 730663
963129 208341 611150
706548 484976 34878
661218 172477 416518
80046 47362 792529
904071 282134 127907
915827 484951 586704
225256 209268 994893
354102 793429 506701
493620 41518 205316
6524 289334 253721
546028 689359 146726
842484 978521 44433
900360 131554 530279
625337 17676 690835
659447 112274 591608
36104 312708 464437
873344 315703 793676
597580 936837 438039
248565 384163 690361
417361 276569 384987
882415 896882 727364
982380 499392 689888
367545 965074 808562
552996 182062 183324
648549 76512 457376
369580 666783 236721
702670 513622 246309
387711 484292 649083
753537 848468 767297
828365 60887 859476
202511 426284 603614
919809 105130 491940
551745 194648 664782
440868 312958 569037
597931 621703 962200
366112 704036 759097
789673 295098 218669
612993 422048 610064
824173 495480 95034
14334 11241 443945
937526 436543 907653
500898 21287 975716
416242 780020 152152
268204 162614 294515
661787 700 329445
923879 532187 585587
886166 672363 760925
718846 3515 305619
113115 165094 926945
503559 3534 760140
485122 284606 907138
908863 786591 147170
294547 25582 523532
800444 982575 778142
271723 742970 921570
950548 633750 792709
558229 67048 893547
170973 950509 575724
219019 479429 461413
708440 692877 912704
287841 975867 524114
283003 899753 606835
410891 792703 697484
364793 189861 279684
416902 782484 90351
277565 237909 541245
367289 63361 140980
192350 169391 761350
691353 880894 408343
250114 641615 195168
303493 119820 177510
986845 164034 643338
147244 519828 7440
369738 749287 891689
838276 625602 354352
530135 396688 863114
492731 86684 43621
290737 947370 229899
497009 401736 804710
814494 812673 527560
371371 543729 369404
487963 434522 170086
536354 589397 301897
384441 369025 47834
425801 943395 118047
438944 444685 483116
305612 725220 9552
161948 101677 167561
621626 895942 171118
640808 17953 269046
460898 126498 328926
429856 380081 659433
805508 150039 605034
160988 798467 857229
711618 972417 143489
381170 541894 96828
204253 572878 520190
594710 976676 707035
641786 178264 706294
815419 496317 565880
162175 870498 411250
238443 150535 555943
237537 994156 117443
279060 171873 955325
908551 379496 674323
885518 277411 440216
125235 239883 207964
855173 714486 925422
310976 1605 818495
902816 15449 295105
174660 735123 276823
794600 957661 481818
203925 267894 21950
265578 142591 115726
339745 275260 162486
987662 786746 635451
958814 379421 169575
401715 947318 929214
597652 448893 793586
909579 994704 912917
531463 668476 221746
564410 828068 525806
58445 477596 42778
630538 38722 838064
660376 555090 645128
565285 891979 935668
965820 823943 563086
273416 640022 787756
169839 106085 685368
201990 337041 749759
19194 203269 906667
572761 135611 407233
718480 16681 484441
770327 141846 711861
158017 881109 507253
303796 848020 488048
509688 562729 53358
735178 510452 913569
567636 217137 284497
668176 754997 37378
967289 707716 568791
570027 474167 697952
332674 191756 419984
105384 211369 364999
258734 33802 510952
368003 239232 178767
343367 170005 226614
878597 886383 70474
496507 472245 790366
649307 458260 85740
181694 945003 968168
964400 156499 46596
888122 567568 351481
384168 771075 442901
992321 553759 596249
438125 753800 504224
656146 226523 883237
951480 546763 486904
323406 356293 278766
741824 500350 411667
325811 162551 615577
400600 11149 312726
250099 580572 738349
892858 551552 554794
685468 188830 373164
200913 649481 91068
463237 237970 961548
770620 578592 664525
831427 941168 811094
608546 239620 655249
29481 664716 590059
422818 258102 530688
634588 256357 826057
306068 221342 689618
384804 439553 862960
46700 282140 350838
74178 116049 944060
575931 236654 324439
936962 145336 738566
477971 393251 857774
768607 159992 935865
167944 676994 222385
549189 847379 874574
956223 69931 717049
89939 859423 881903
534314 37194 355391
941174 378784 198002
864583 854992 425361
17333 143881 356919
901208 851252 517336
218738 242317 539400
233072 997685 90839
575574 780918 48546
659831 443818 864092
63509 418408 352404
448069 844077 639347
310717 843426 560266
750814 274961 134482
105177 469722 234405
477608 660358 203313
209707 425080 455703
937689 102697 538431
425437 523638 684311
251358 755395 499898
807935 942581 415705
729979 946679 530385
949219 663329 870787
866235 97972 520813
384150 696274 668925
456704 803451 885160
177570 155012 211353
946300 505117 633034
176620 17174 61750
146446 49249 306931
90445 737378 110478
380895 305085 916597
864032 147176 866468
206918 41405 505524
208205 715978 301117
51704 385428 312581
701326 205126 38692
728832 433854 799992
95761 431392 956687
560995 44558 585674
432624 539533 886511
487150 306100 227422
877822 74874 120831
259851 794686 617608
934720 863502 677246
337708 469345 576508
456587 704426 90419
347605 459205 53590
521513 58882 288654
713765 228812 284710
340006 913042 357895
177685 238651 538400
675592 226822 808357
8758 611727 625889
507583 579852 990595
571326 178519 158016
765712 942120 499233
792357 479656 959239
560258 186043 858874
392659 309479 731570
844840 248365 157801
834359 993825 111298
328294 327790 916287
622276 924084 644176
199971 398510 204808
703898 11986 935098
38842 164795 480317
178784 221928 126216
606813 299076 249983
825721 405763 501260
966532 46732 92109
887805 611814 424112
123730 52002 875679
850740 483999 702573
67667 736639 912709
630495 414517 795232
490785 301236 318137
529991 60515 258683
912355 733668 850667
309540 419961 358237
934216 498597 439055
707265 968524 943882
411611 733103 535050
94055 485989 833290
92550 49499 746179
73434 754634 893421
500147 410317 640047
766957 203214 413930
533564 211227 172409
593705 929948 382136
328801 157985 313531
509982 869916 931192
551787 929894 404415
796144 862021 298013
622394 591941 450728
630846 639100 843994
194379 209280 513718
44364 142526 822749
19716 139014 843082
372624 332994 930974
930273 307019 922616
651411 280874 795624
652684 209419 923329
401535 115693 495476
41859 955932 749284
239848 26644 878099
61228 567858 559603
896693 806258 349271
459863 801087 135921
940677 48383 54546
538710 483362 442181
449245 735416 916934
725131 85536 579435
459017 888593 399160
147106 842842 371728
242572 746809 393041
940254 950185 237898
70967 435442 617452
263541 667879 401192
877651 938045 507037
981543 78673 113808
41397 480418 575088
262889 998290 240703
52000 965380 441864
277558 363763 158159
896430 946146 37152
79942 412466 332099
155665 284721 522452
312772 20799 628653
400440 434056 811772
808043 917706 532706
79438 236512 25613
747526 11160 95324
261013 241260 905477
94054 603812 605845
514410 624771 532693
630930 428246 996327
59491 546803 152987
113563 229731 134019
314588 338756 879114
897426 249709 344531
801126 579780 6461
343243 377076 875049
350733 631633 356232
569791 837787 785904
903480 991259 830581
138081 891106 515089
103329 560511 23630
339760 665065 913264
834130 666842 905996
613128 88807 666355
220908 460121 722020
487150 884781 691256
990220 478967 429503
599324 254593 780935
690585 740464 603514
108458 987919 164063
224508 678433 433677
50186 969688 491507
459883 844019 172595
521338 218114 250900
107421 553583 406991
900142 699523 348542
784607 609758 447194
229284 273765 98652
117253 676745 498813
921469 312887 689681
346810 370229 42643
773423 164544 933881
259472 578848 772523
977103 219950 774531
624493 569165 189409
598019 609745 525714
214393 45920 397393
336164 598511 286400
537876 37057 505607
854331 540500 353079
446791 974488 18719
199524 939552 910763
635922 171282 519895
196444 885716 259296
467078 637466 77979
198224 533788 575667
515429 673808 827568
880241 405448 874419
320636 676643 834951
791823 877466 973786
340316 841528 806963
71594 742768 87841
509363 865192 661785
43510 604845 698416
301916 711090 383062
60868 197642 884417
446549 113860 968896
465288 16019 928237
392754 862239 185873
712511 368766 925592
341282 715884 642459
171374 208124 314275
801540 194329 606825
2031 670946 987815
982413 198645 747033
226314 462351 366026
860135 828549 889106
285546 339707 978082
489459 113443 449269
50049 761315 757075
842223 153317 707063
121783 421360 689342
813320 51656 627279
665651 904249 780737
677133 133273 515788
568402 101739 357143
284105 817956 394844
816643 183539 387199
172690 407700 857957
223692 572347 164102
527130 242668 142048
496815 697998 495028
286699 222718 142574
482501 381592 796356
778579 305825 888015
533691 227846 615422
385713 767967 128635
982750 716416 22906
804058 184327 29558
519453 28232 220399
78767 60665 839364
672590 946888 587813
154774 731898 946464
320166 794887 99945
156354 347145 454270
723070 804218 160793
961280 936850 612931
10242 364958 669251
616019 997823 201779
942850 656795 174408
259843 995076 858863
948465 169868 278807
752020 279048 564689
844640 583969 755079
368101 274569 624856
491011 585183 8591
688083 716797 842341
980591 289025 377896
842625 325782 625967
770171 828060 597935
711781 740789 791637
477851 847595 652710
529764 378950 809224
791401 918810 957662
937738 595124 697062
963890 860602 377000
545012 366137 379029
226689 977575 341001
521426 535737 68031
510141 950384 284546
207753 957457 239369
19217 4245 113640
117283 942765 980898
458829 333625 124135
358335 936376 349117
434082 668438 724134
524313 368723 522228
802991 141310 747001
801843 529997 699679
450150 496849 22149
496014 143137 872525
998417 844822 864464
358245 104699 171063
313903 844112 359318
886121 505342 676813
357244 354989 448438
704736 689633 790299
105646 639843 955006
725546 817752 833148
111083 442070 771696
896586 255590 211076
62782 269197 721845
848668 262398 408549
75676 759428 306842
639756 376823 326101
710726 275649 407690
442409 161384 671826
968304 945709 413750
471512 342136 171677
18599 127688 550725
547725 957584 447714
803043 280850 570656
284897 194073 500916
628888 368784 535046
862980 9151 980525
409032 260479 552820
643794 394706 287226
835705 554216 330388
280491 73313 940680
344285 647219 820168
691512 265655 477949
478051 961424 588138
589804 461221 788412
733641 541809 709625
690517 760114 332851
813268 750138 980480
908495 319440 366484
638992 968903 924970
501229 300694 325102
427865 794828 101076
64498 241268 493771
851579 512787 590504
175569 814799 520090
849532 902607 225194
180638 761080 507288
469624 619024 267863
313595 774891 36382
796633 244786 288132
750161 155307 215204
107458 669578 619331
767167 308847 961015
27109 371065 693227
10825 838769 280351
331749 74147 379459
330938 957236 938777
253808 631547 350432
607742 278974 546136
578896 496468 433728
431817 670003 59510
786855 573204 254708
56314 799333 892573
104345 210188 337654
752797 59368 328967
191625 302756 839288
430026 510246 662319
419264 237377 753250
332187 586293 193049
903405 214514 483746
619715 41477 749234
880509 141343 57787
869276 51539 908451
494682 823569 110006
800076 303764 621230
999408 220593 141848
346756 204681 886020
437453 972012 205272
348136 426263 794621
223523 223897 133047
694595 111757 372299
771912 573130 985370
277329 170824 1904
933925 697304 794232
852374 913951 341679
197263 443934 154012
118107 603489 910316
764799 410589 503906
439726 924680 168457
333000 123713 497156
886345 520233 11164
106043 117510 999003
14178 961048 77418
220747 911792 941382
554331 732144 112541
312339 779453 624151
403958 457509 63607
129740 351358 934195
650737 326127 661119
909817 548151 792294
300989 352873 506172
642127 903620 62343
370801 915981 876568
446213 494639 141169
491204 865103 246393
525082 420063 597560
632497 311399 894673
682794 997695 891765
246643 177781 188670
485373 576665 802957
657234 383912 271322
903299 563947 179577
423580 678872 439095
93168 991789 101064
242946 6127 882631
184573 580820 523630
568521 321418 412308
742612 57681 542756
793689 65310 63370
839507 543877 475337
235635 426186 203525
92515 169361 855193
130085 709236 506659
402744 934766 636050
242049 413331 663094
666210 683221 252065
999137 302378 192418
200697 224739 225917
173948 396168 457881
459769 4638 269733
217537 390158 29992
506042 367081 308154
386474 820490 152208
998517 387183 302210
928404 897977 692647
220816 122069 723508
154696 256142 741486
547951 53005 999359
403768 136861 763576
737678 747393 33862
710347 602300 28653
238180 589635 397485
661883 474800 161019
845606 743138 148900
907543 305272 625332
613798 328189 760509
370870 305999 42802
156691 62469 680463
235120 638503 402150
864850 360401 295285
76265 52571 18190
680179 709189 595355
145262 315179 743745
166075 556936 252726
480696 280100 283589
635461 140807 59304
48176 933072 996751
567125 26002 996517
307780 853045 327630
656718 948717 783649
869767 472096 733325
685165 286707 313633
814736 88923 738402
205424 259598 890009
258990 430895 221197
20735 841670 292596
185938 769723 371832
166070 876123 978806
171499 8668 349780
804722 941442 776679
460898 755790 820198
606533 850155 769325
594708 85368 385996
222552 979199 59471
567242 112801 229750
540392 2709 914444
405660 749522 317038
192847 322701 31054
628337 92705 755036
766244 629249 587444
957002 537037 648214
196430 611234 552710
626978 451184 753236
104731 447852 419087
968220 930442 140229
963997 221841 299799
440856 751276 814162
524701 940738 467631
48885 933198 395347
252263 559352 879652
920842 982075 821982
356469 539286 644154
11652 839639 886777
275885 30624 763887
350810 807540 329004
647639 894079 958692
719532 840413 553768
636483 174927 381992
370702 742850 776798
25089 589653 651849
384170 41796 663158
535166 71380 111445
452181 865883 870660
489918 737279 638006
684140 472795 880421
172369 3721 475826
518262 162543 435912
924855 521725 675269
309934 635856 462389
492598 719191 983689
385144 87755 708122
635338 453856 91556
363935 54800 336748
867480 459478 490508
59827 526975 797335
459207 927201 728766
712368 245162 442893
918873 258134 891441
997212 786494 539889
156285 617798 532750
659343 762317 742795
409969 726415 764702
826825 452595 111779
485661 660429 788812
92794 558743 727386
382321 366315 383606
625752 118317 577382
463675 81103 736386
127512 70548 369796
320296 669524 148926
514366 504285 223931
994578 376832 816428
380244 647732 26235
597978 715855 725118
362798 224917 504206
260155 854363 993132
265999 937494 19974
75025 120099 898196
342368 388247 143993
745404 664770 944738
593020 540849 241396
945844 388991 272523
717056 975968 895040
371855 914083 391334
186153 145762 426016
6095 376955 701681
492781 979634 470482
423154 942518 434983
606631 294585 913181
52946 901441 922499
338874 177833 130450
497670 955608 901923
837725 986119 561184
315595 740017 847637
979493 181140 561700
926293 546773 329549
307924 60684 128471
217720 853868 979963
897923 201803 579050
174809 329575 566806
397686 974781 449757
316386 71694 618795
336217 722587 947098
622670 884504 631674
195991 258333 163169
217561 871246 752584
7270 790946 96688
143248 287640 582616
927725 771650 898621
180386 574833 247721
632408 175274 648526
283250 492131 865059
919362 589764 746930
940838 836059 565178
281044 711961 572062
803083 926472 188782
291329 111123 459494
328384 608766 63156
950070 395047 365158
511522 276713 938461
279292 253728 933575
875882 169140 827651
534108 376050 353959
355116 519378 241077
454571 885425 465718
257284 143909 35734
391819 948958 309322
635084 733301 790936
988811 870299 964912
712534 26302 725360
238285 906721 525719
197629 582598 712173
739109 771168 214348
292366 343285 493186
501495 155137 330917
990657 558699 880022
882710 53525 725874
456579 838785 597333
641460 440506 705302
597109 540476 168905
574917 870096 993601
111158 887304 189872
85637 840967 376275
732243 193662 203922
160748 793654 529541
760095 823320 338805
355576 121624 31384
939710 924611 277302
366938 803310 21347
393919 91169 878182
201476 413943 720509
765090 843158 411868
266303 478849 950624
176333 863401 635203
447954 163425 84412
543708 836063 816962
992779 681455 938352
484998 913069 535144
530646 256554 87837
704078 627315 444463
576734 717960 987155
761187 433955 593006
746806 97880 68323
869998 624803 326168
309180 52661 131946
528432 16554 625506
236369 863189 336297
496531 392962 237668
685229 274926 685546
231129 735287 367969
129292 882651 527092
785742 664546 336322
409565 196053 555007
247590 895242 954304
750058 804453 92931
127683 808531 32381
983237 262994 933063
754674 447220 54983
589694 430779 462261
409451 372787 841579
632448 497368 265769
884346 759322 441492
556272 919284 365372
947662 591187 465797
627070 94935 508578
771979 959108 488325
659292 124379 179043
573598 385960 430852
424040 241999 476817
869404 360465 981729
360881 496460 30800
974892 54573 285774
301124 677371 675884
298766 765647 179258
167460 949335 947338
458948 594633 459100
918443 254381 99201
387569 611589 373314
437403 817083 149525
626121 884488 698974
934404 175610 865710
126315 814249 870727
753946 674551 342898
303740 683952 669173
588912 115965 420315
628752 49843 290601
354336 961332 394626
621599 257619 568449
803896 556527 242746
259487 56759 516823
487979 846039 31868
145832 282445 129852
561061 118316 421650
624561 766959 305632
352884 134024 742214
133156 951524 489496
345110 102436 392817
847318 824545 499612
152069 199491 148664
774308 717276 971914
760171 272866 798288
26747 192368 790083
581870 897586 353072
421202 933063 359154
294418 576482 369897
588678 910238 366209
47130 218369 671106
770161 844599 142478
317983 376613 816549
490462 243712 923918
306325 175035 788874
426511 786327 66929
469851 744100 195059
887943 575434 294917
921250 641455 520276
200914 333256 537083
844249 808685 596356
778988 666192 89384
762857 993691 351001
572868 43704 315744
738190 46423 40409
326605 208565 854672
731767 432784 977733
610312 177978 608661
596653 152941 308506
867199 856492 51021
61776 552726 243668
771030 84066 635994
210411 896821 346741
294843 786921 462838
239185 589578 559268
843122 623436 685624
58485 702080 388907
517497 342685 493228
169738 298612 123084
295145 425283 257002
567681 157829 714315
840256 758554 819469
623390 562710 102850
422237 868406 643633
477241 291651 709708
940726 71815 531008
336952 919207 758033
584958 617183 542898
675035 693692 321103
744668 714345 430435
628502 592910 427327
268563 24775 142079
766951 746577 191666
379267 684238 113154
129660 836012 856799
597770 334229 843007
438751 288854 275995
144639 66297 944263
858360 964412 210875
494392 708905 259135
995445 396681 593120
560909 146148 516611
357660 269799 129505
109090 268918 525803
53963 628007 155605
705110 49191 518785
220977 914962 499716
850729 838749 415211
531147 667134 935932
773204 355698 84404
3274 831074 683578
930916 671766 701935
542005 827993 264686
790526 122017 483521
503787 682410 300782
388222 492461 425913
877411 497751 927869
621523 957081 698013
250994 58603 764721
85015 601072 495212
519893 307373 363025
269200 541850 696159
811627 622929 576004
43071 725179 505968
645693 262420 139524
482819 756467 595331
36783 333483 412630
432896 254691 57871
127660 855032 248876
411225 415337 834217
334142 101965 211450
169030 655813 765357
225314 838725 601094
797829 879942 273065
368096 173257 842978
225092 669097 427080
439405 857187 499083
261190 228494 130931
578968 514733 988473
759457 248276 328592
176497 8635 772006
792822 825315 490921
332254 343002 925126
35637 281718 452016
397069 941199 880117
932667 324199 796239
419580 532838 97030
71161 121909 882617
498168 950418 219196
605463 724162 223784
1718 284740 706399
445065 569085 902361
527118 742332 98403
784660 725684 476474
146782 456468 382713
544912 21921 308022
275132 279873 709394
347142 638251 180902
936761 346469 424860
966813 831639 267157
491778 254390 386319
72881 214429 529238
607167 498348 642288
234659 235967 713917
212653 927650 473765
142446 825955 938225
671490 812872 146968
883658 608211 399982
924694 567918 626963
960321 522950 305010
543671 481967 687778
245969 974158 802979
811513 459465 131031
202238 861225 798248
660510 43281 684248
457190 36120 79573
36948 781313 313560
636853 598128 923050
934702 705260 663565
400541 629182 24080
834635 411317 572204
747025 549507 462793
678359 619948 466577
911857 775053 731525
272065 274732 232411
50357 969178 796836
671622 884354 908088
572266 265410 215463
174654 625911 179865
839251 467553 706973
939490 524867 318660
957377 789012 698159
235247 121422 636777
670136 223218 984937
894853 501981 610144
257434 508250 252253
361908 436911 564189
191634 445882 228386
798675 869318 254605
489673 25816 646909
164000 480842 38274
574081 648859 586593
886757 244851 509977
466376 985217 280626
730760 943463 258847
825928 824981 861113
541991 244997 557454
406575 751685 564695
7767 567903 245534
273793 37028 483277
767066 781812 727761
606130 121387 129571
603045 889981 904937
870984 431878 598203
861828 970277 814749
525823 960197 476533
922496 294214 245574
130782 708671 370198
623789 189836 775472
848385 835159 804800
821524 645835 149781
16963 903731 500264
708538 411562 679114
674683 842216 6343
488291 973147 413392
144918 496552 519051
806514 837455 869639
389866 407357 827682
884716 493496 814245
449647 409152 773929
48383 361674 586255
561796 184810 279194
535283 69130 899781
475060 277214 634266
772260 970826 84526
243292 551931 859130
885658 719244 456344
787926 315833 77974
350790 642368 480325
720279 522122 127266
849447 272664 916035
910835 245105 243067
120684 784330 901989
48754 924907 248894
690609 481614 495685
568853 250061 24323
53200 85990 493688
165385 70961 212048
378357 41577 29461
390253 837774 803921
506759 12761 741085
51470 52494 290425
914210 720648 450743
315318 182724 963220
624560 266630 201030
466807 111265 413528
381128 77080 388746
663860 312931 510030
835350 322971 434607
378977 134965 299131
149979 500499 144120
26691 179721 323168
602199 719670 762027
193135 537461 987537
218363 883351 821998
38186 282238 658730
277551 40078 823794
491663 343928 485168
583606 385786 362409
113731 519862 400667
225723 834580 128487
761623 838193 57043
43258 554103 16337
753734 258848 206866
198754 39123 779015
194577 233405 558522
440280 352568 175338
292224 308570 55432
673516 92181 823349
379888 380994 425021
254699 247898 829581
545952 715806 431392
412929 435885 175625
315453 775854 868274
544034 52450 992715
334051 966770 973497
479098 664109 792976
80505 36544 878276
302244 653651 266342
217063 334814 559681
234389 81862 376058
137744 745829 37371
938643 734579 102978
105718 210401 885386
130526 894753 97789
387333 787226 72231
586015 90689 39313
84202 429594 801410
321521 879241 495915
165137 708723 557338
257408 799069 457523
57262 78236 360418
652372 970401 742105
464355 491574 113128
124958 776358 411939
397134 856536 633582
180379 578193 308627
157613 926913 895660
183842 919983 79174
874858 369304 127343
871328 58738 970334
390962 887603 437948
889173 462037 3732
294535 271944 465033
858805 591674 514485
114576 683901 785413
687095 775617 262992
633859 994975 535791
344260 760148 14134
69953 596825 554464
866939 138549 228273
217902 838482 724432
956330 970352 601205
220389 789752 729465
830723 850304 30023
781548 319985 311255
726998 92990 7301
968402 310717 597843
664502 998530 509698
436158 503622 868363
306931 524193 413904
582492 382363 102865
365434 29193 185731
108915 530734 214188
274425 453801 838859
593445 255576 869802
915505 241331 798704
306471 293055 436192
335160 594721 478387
424027 658363 264639
859777 554958 240743
788994 29782 366511
770574 767743 558736
127469 234397 224197
929623 746992 188617
396571 792348 322204
142629 251878 747232
229412 659089 311120
831563 91484 46560
337620 817133 758527
728100 453567 253952
68297 945159 729330
154356 913885 371513
352407 767159 993905
274227 455166 591989
503990 301162 448830
912686 178693 925524
252042 84028 563491
902073 325667 846341
500876 84481 552741
165899 951953 936457
945887 492332 553570
882898 995968 519918
513824 790227 668923
535265 729613 538194
341981 656630 508910
103744 510511 993241
567244 840465 405754
397867 621296 23638
905823 643144 292356
387581 253022 288701
998956 333667 954507
52563 968790 397919
805001 796236 368729
580432 254203 493622
805487 41300 616248
676307 308770 24511
368605 993861 832218
412520 362980 10367
373227 242505 828214
880962 553733 60291
875397 947137 441927
508973 796187 968024
934245 988120 202338
889999 675657 387526
593597 463424 421673
270182 83565 311447
254004 389601 590506
419099 506784 558867
921570 694682 466138
705941 932420 729987
562618 811579 599292
850848 922617 907591
260571 205478 966913
804526 87625 820895
249751 761100 743099
774604 997098 874448
72176 556340 39431
690255 543640 446975
769888 399288 762156
389922 697244 256221
739479 439098 108089
505448 292098 427067
589112 402701 286429
755620 227219 568017
284411 152430 141671
88287 150612 524958
502127 433232 478843
571393 474198 869746
739118 64241 733102
924837 464611 380808
799871 565724 689323
549645 507537 142264
174488 726690 108395
634134 447770 381849
257643 570146 572386
792358 981891 261445
662150 791066 42366
612098 184340 975353
998693 970649 586432
72687 154088 158471
33720 300496 8446
74334 834367 469004
828591 230897 937950
850581 248886 339709
147267 299296 855123
521673 63141 958936
269893 740591 311865
893850 695718 69034
442695 560303 390772
234394 944753 958447
806905 590955 22526
644805 83662 116705
107498 214408 403401
822685 148324 594003
785679 577465 441767
707085 219205 626415
711610 920814 471571
510888 456850 911608
267716 274170 889004
16938 670861 181205
949873 659188 216752
317087 168039 692055
325684 619644 107339
852309 738908 271606
959482 227509 414778
200132 283676 641001
434461 442985 44338
670102 453294 894010
969751 524968 324121
784717 279062 8409
263183 840935 984349
808970 738025 334688
108066 375682 961937
552911 856170 354445
696861 723339 755231
970396 943119 904397
55805 409602 904852
302088 808358 769364
337620 927688 92010
34423 28067 49952
155080 585397 528499
561947 969429 247177
834351 387206 488140
348278 253256 189128
999156 251723 414248
67077 317456 283282
80719 493297 793093
733329 457299 261047
125076 617650 863744
319673 350895 295674
875925 282949 835236
80140 54542 261477
985858 477105 495606
4394 905000 839878
227113 754554 290147
87895 658730 862456
509479 162566 718736
589333 965809 426419
185212 386393 334815
491837 430612 548442
981339 841662 463072
830115 658483 182255
160453 776391 28316
246639 947819 625219
218518 72569 613607
846819 568219 924562
713890 655276 165906
310548 895675 308110
425239 289081 240968
623059 172539 621271
294619 364584 448299
97014 286216 946569
336929 583791 496602
610526 323770 353261
153431 173861 111496
816530 597001 756499
689398 804048 881269
187036 948124 459038
215328 597886 642850
776788 271389 509241
173543 694439 235385
457476 85794 983675
728340 109283 812189
912160 408139 644300
142908 46762 760613
951362 644240 711683
426996 12326 638004
390640 582222 918113
529977 52158 689173
418295 198538 573288
3449 205896 994962
885810 33569 535709
225837 320582 105170
129678 92921 853183
872561 965503 869021
426862 174997 735332
184222 145694 930439
928276 936205 565257
219593 769950 213798
675154 257561 854965
533180 93302 958395
971495 114429 395152
689901 747065 522142
203648 829587 709065
628673 973787 649680
216142 962032 897795
656570 814042 271702
311012 136614 403922
455178 660808 686014
832102 428137 358594
873215 534966 263085
284409 132497 781756
110256 648962 242320
435882 604591 772787
512313 864545 409955
634678 264420 673802
449673 570552 961140
608444 684063 891541
995371 952764 293022
154278 296120 801896
760020 348055 818450
515094 778306 142735
528303 568220 407750
659153 949562 990596
881874 450180 346229
319997 913775 758466
537956 94417 303974
805060 208141 616893
85918 594339 921540
27395 28837 615206
232079 663980 529631
462138 350423 406204
542886 535399 990512
747764 605249 483874
305753 797912 803754
82682 556869 634311
918959 785554 723649
692368 677910 699229
868831 755922 325819
501449 817132 5635
139092 26243 729652
868900 386785 47326
258906 973741 854388
725320 409036 216908
302378 247825 707049
626811 134531 170913
489531 223079 929321
936011 833687 666206
489159 170905 632009
94944 112944 19758
259045 609779 475544
216603 971614 324629
352717 938815 120734
822119 38285 437780
470413 333016 611210
404075 721700 505973
326100 476304 951821
76460 280509 612961
518609 69838 941752
376776 629910 813803
812706 241934 275418
899043 519722 817344
245563 525878 52791
691529 250288 472451
86801 678690 110870
601219 990116 698859
252948 847000 260028
339050 455389 198582
949311 780298 101692
569580 355397 160971
198232 381616 35953
467887 711900 295552
836795 269302 525732
487976 729200 420383
82192 673894 107154
303134 809046 853055
763650 458130 481170
341370 866286 341162
667756 400108 912866
528908 359043 284324
122383 763875 567845
594557 778584 25700
258827 319094 438668
30983 675739 293359
92635 338469 593986
627974 41800 766379
924403 384660 64045
691293 418132 224158
7787 183320 222642
498660 566595 58359
198554 885429 124058
162405 209540 422500
799432 521941 167209
118196 202004 225867
460772 80108 842744
340545 111471 724908
980418 559629 376027
560524 110991 526777
601248 614108 553579
173518 688274 468966
642634 36242 606557
425082 89704 513402
875456 413900 84964
684705 766438 887927
44147 300416 938495
636495 821755 810795
455326 887478 865592
813781 302018 852462
67263 195051 958005
106407 311139 393886
791922 518575 132446
376488 704823 292444
759463 663205 214128
410377 143391 606942
137577 399522 913458
314763 2412 872978
877761 891828 458314
702075 63789 266762
691189 956079 475401
685876 281656 432343
616300 458909 679374
89003 894337 956251
760834 513821 756797
799376 838036 263050
137410 453001 922602
511242 309740 743392
334598 177769 784888
183819 452238 39044
95566 297840 662763
479901 80289 484437
262864 21160 263169
857373 852826 897462
310480 894416 369400
315438 239248 172083
179251 645342 986779
199554 982845 339672
767539 578729 908069
932478 64279 52580
793629 504003 153001
231 994391 477617
838627 152404 655213
869058 806555 24173
759603 426851 9618
611312 409012 26558
224802 994959 753144
705220 494419 340307
668710 486302 472032
227265 633677 225973
585337 944592 533259
479361 714798 239517
103276 293223 6906
139304 625534 175692
501580 402381 675659
126287 18984 59400
493665 454822 317644
522034 366754 637942
65966 402719 35427
286731 416672 711266
969280 71975 603820
30340 386259 723125
793495 280331 942005
91221 907260 978972
617421 995992 731153
949862 429701 204038
687326 522724 315422
235596 68180 422687
659414 305703 220287
748622 41146 459474
336778 28524 675784
905277 469910 669405
693481 220742 410802
223455 617418 359908
805687 590435 796859
820751 549635 164498
944812 795573 82360
60910 590232 160214
181260 3575 490043
137696 430647 416201
782623 386594 377802
921436 863857 38125
901273 356504 610872
837647 626658 37884
211474 369972 495679
848098 627134 134470
899990 89430 47571
352964 41308 751848
419747 187127 515327
878160 594980 309160
523598 550651 188629
399679 818017 589955
33581 579793 857860
489623 675451 931051
341981 959398 585034
850062 90143 409649
622360 139437 399408
223977 163830 6285
523815 245525 200447
270098 121080 222110
306313 773145 629556
667393 605062 59173
248779 461207 801283
471900 742736 416899
262273 997786 455755
225207 481508 720797
688398 701834 79006
499723 202520 533389
82110 482339 159410
55478 890303 906617
451550 44544 333446
404920 658078 624363
671173 398498 970029
113601 239022 767333
684595 105543 359607
421252 782860 97416
185488 985835 834133
314325 632926 852373
386124 432883 488621
284855 47572 330919
186702 517841 330182
58326 314139 688271
787695 154089 104994
385452 459348 980915
626999 423889 109206
167120 169127 528070
215270 727886 647044
454161 394431 412787
695778 439993 764591
819339 371858 215517
624986 513815 481566
422438 709445 553265
953338 625034 7092
171190 611768 45651
981229 842299 353244
771669 237934 407938
671776 133032 588920
791117 471946 235419
872350 727588 97328
182373 325265 34426
674378 608104 258291
775749 95600 676681
157765 180534 270072
468671 389454 466146
287287 410238 176448
349266 827614 786036
642323 459219 344364
212962 819240 209002
146315 464767 328228
664272 250377 641660
818384 443640 76562
457328 457761 298041
33570 715147 556156
191028 560518 805714
417164 678454 774808
443287 665421 322619
237067 104454 241628
75052 726555 822404
706592 313504 538240
187588 340837 154474
5074 238065 937846
754378 839429 959692
613407 617706 233648
46825 278949 502382
695175 153382 191738
416511 167207 569416
222742 50478 383266
229449 807928 184358
710171 565747 169016
541286 750115 789940
300227 362171 918157
430288 421363 10687
692248 555833 549934
826225 882844 382088
328436 851658 339915
361337 409340 986541
507843 256569 158065
550585 133431 957532
674810 189793 945094
85354 452911 867798
136813 317904 916463
465502 761479 659739
285631 107616 172610
305954 680980 782598
92542 83319 544735
383811 46298 995765
643247 31999 795838
928565 338404 631313
416149 427885 602537
583128 173254 381218
439271 622149 745444
604032 629475 925719
570038 915248 708485
96236 821385 239287
513220 826725 997342
62040 556395 233209
222566 350878 54017
76967 883520 901239
18785 410097 766042
711375 772984 249737
714445 81733 856930
310972 698139 729148
714381 391424 43307
855762 164360 430917
282001 753760 632028
262414 722841 950039
402361 290780 298060
584912 37782 338876
765834 713640 899218
853138 592351 842148
337558 264496 933622
866314 376391 581442
313448 713414 396055
124835 773050 538420
467045 737677 545870
728381 236279 839393
138778 781162 126282
94138 985346 966287
418684 906913 166208
444753 605867 346230
622704 403429 449756
203736 119509 976067
543653 867616 505700
23110 41333 762897
927037 82297 732117
47081 134876 695141
87136 583249 967309
687462 89259 572228
403891 611298 819247
6003 8351 213785
358231 735662 423914
227723 621573 748957
842025 733886 596745
763708 905847 118348
175305 882843 58514
838608 718729 587495
401674 201127 743043
681854 922328 538221
739498 325165 659686
170377 470566 487009
659009 936669 533694
561105 437975 536816
534000 868231 451219
548959 169467 287663
694574 901993 550981
892364 291484 675559
873412 973534 912398
242590 389477 720239
198199 804046 124013
164222 471455 466073
98980 472360 741444
65803 725830 997344
548059 734322 331147
578597 814966 979782
93431 881260 367548
410145 599708 778240
181672 581380 144332
354837 742636 893659
313566 280297 28221
169528 889465 510250
746259 915807 845368
577903 771206 955215
319814 179872 93622
143606 659299 32189
8363 390368 644060
378649 54000 851246
350011 4604 846
9134 338641 265136
70655 374679 5185
611021 337907 247989
108245 106572 844387
627464 881686 725483
2419 709740 986248
947539 150564 867277
497400 622191 291877
422637 373043 493716
293883 66685 765047
545526 794394 57099
763934 348205 690417
162142 936760 521800
367141 827398 318647
739961 374191 936474
299583 224818 116849
785386 166082 278184
662608 370346 148369
688585 965448 615263
120334 262261 422648
944844 272628 707308
11207 908398 956953
793454 275541 520133
356820 373883 364565
85751 878977 255703
80507 895095 592815
781204 324408 61493
124241 340598 906351
592011 606033 304175
500784 40005 328404
877577 650521 890095
13858 824382 673404
234375 365191 952866
425533 489864 33518
960859 56566 814015
180342 807030 358856
844887 441118 467907
178433 907113 380131
42999 714646 547329
836861 580241 302747
963126 73488 204201
135947 603472 568300
791879 376313 1189
54217 433860 142033
462469 586197 198080
368538 415557 740031
625774 589861 751496
786592 985563 148284
194192 706905 71902
429056 514164 515006
554598 787972 783346
312902 845006 54014
472590 355474 183267
340096 717315 876939
43568 158536 175506
397508 776587 674030
733039 416607 629412
105605 302658 787830
138665 69765 989323
965010 924673 127205
685746 334077 279859
742654 319934 909896
407177 141887 275953
156638 399596 309705
149467 491178 410116
326745 764106 405103
85408 852347 481048
782838 885929 497545
473985 317549 373432
381824 38749 140622
658028 572753 53380
605156 801740 913797
75904 199455 713247
670068 625214 134102
486665 233096 759671
166002 478210 719740
45788 349481 626550
523622 859439 912685
642006 124569 367012
448449 713378 891862
246782 709618 403072
692649 403501 854163
331254 800541 941326
342876 894235 19018
344298 795359 175637
835554 898647 163235
653907 674575 276469
388743 878299 177684
306191 139184 296557
2131 152595 587116
952914 316688 245092
305076 141998 478508
401108 61121 718059
624801 890993 810205
325817 911802 772951
254162 619519 605147
414289 787165 444081
229640 759848 331147
725307 879581 986057
710629 222143 402557
318530 748313 609920
690862 942251 763669
377197 639043 957383
663738 614046 220621
777819 181461 330618
586218 391845 834402
974662 271832 571219
9515 501143 885591
269617 923442 966521
960438 297012 534297
586466 913941 294639
232900 687844 523022
181158 763761 327373
297718 481464 680708
169787 607116 946137
336485 804696 804532
232683 962879 238709
53159 400549 574410
309851 673500 298138
697630 389659 824929
745409 862481 291175
199504 497118 93278
342499 598781 798139
751937 835001 937208
694032 129096 57433
296686 461720 60689
691002 138847 866045
610627 168734 289247
622767 358298 939472
869352 788138 499685
210867 737790 869216
277878 389742 122624
437481 810169 761672
530262 264219 133639
402654 256932 715953
574784 807117 653744
940618 871634 107998
853303 431378 920809
458038 973322 930161
123553 832328 734066
807002 850336 477260
454393 688368 779115
700099 611256 666477
799541 523552 813610
211694 840797 775843
943788 123992 168822
711089 46252 935840
629604 129698 774043
482853 66842 557686
114819 942918 748340
196616 928437 547687
587890 128509 230936
160364 83995 583215
77181 323844 106954
603724 308443 946067
313116 839783 911564
427287 108676 940064
823272 103985 684410
609109 508928 714141
936644 318008 322895
821450 493435 345982
645279 262938 918682
876487 1855 993431
688457 987114 428246
336132 163107 216635
865793 699639 524402
797154 188835 116509
658428 604518 69629
458270 201644 480570
284831 730143 167914
830949 150228 537301
561243 769058 133428
190841 852120 798457
319184 383445 69097
661749 72687 135654
795519 484776 913952
610967 111490 703736
270549 353299 906822
173250 936183 295284
394578 466273 676026
752217 746693 371404
52889 895001 866774
40290 959313 530022
386287 315022 902014
15809 18636 297825
564620 279146 602672
454820 3524 953221
597118 648381 850573
653106 327531 376895
132737 438767 407402
512738 401981 969004
874904 685061 223482
663477 482948 788842
567670 964086 786980
625895 842057 953885
758672 616558 260741
902102 133732 124843
766925 236431 121865
326703 361959 503293
113114 448123 622118
224332 933590 877221
414509 99300 242650
897491 993705 531670
587729 456837 688139
20948 71797 723256
803199 926536 103009
990997 424412 256995
955121 134581 375036
391973 378273 600631
629030 832006 382625
140241 441656 571464
625184 452038 297008
919290 719191 478423
651991 681209 353098
194542 349403 536621
815268 761164 564252
834873 312302 203921
744176 594751 683260
614214 501131 555397
237765 450167 371485
569419 768981 104132
5973 29013 206414
447011 546422 600987
981295 125613 137925
20689 18057 254138
930069 551346 505568
379581 808878 21402
311829 650366 61353
192930 298462 591519
636012 21606 851793
25905 842163 703805
919082 117106 92558
516003 958691 466039
458288 592497 656794
287506 4219 71093
754629 755629 750493
696789 475098 639587
975368 382677 705487
862670 468847 85885
313545 506523 80961
57184 409462 80263
291955 458300 715241
942274 81195 992658
866325 415162 994852
51212 407611 699444
986785 333889 847256
206193 593903 481612
417365 49190 934443
444787 188656 855243
260966 702519 718749
961973 640971 15135
769851 786187 176728
624029 980036 482758
348223 403915 187107
574062 576181 258925
769239 733542 547718
359696 815601 767789
659818 479682 458565
317162 413954 599011
57416 31640 179351
562637 330942 236780
761892 158602 467940
645424 665176 834349
96824 546096 131998
377193 873929 328533
463227 937173 364930
791361 22816 194699
1007 709865 652768
986033 454149 49703
251574 799063 458574
495422 490949 983358
979154 369851 766150
380489 704439 793059
808656 950613 695068
165258 786894 465902
746858 345115 961940
198429 679333 503408
34190 68833 549508
662703 306610 771262
427336 325602 632210
459758 896589 718098
639017 6700 638595
977341 23996 917631
734134 247162 26168
829047 966837 898172
519021 451867 787665
367279 145616 795050
457696 386882 984064
660818 618746 48362
949868 141103 470019
946363 846686 2791
584684 515455 229225
599075 910438 759635
589930 127141 901353
83006 877420 229029
215528 453429 323778
581071 576111 588936
528740 556742 235928
794589 23256 389842
468714 398226 5657
158284 811726 838017
436487 354398 103899
782924 729241 650469
825488 893774 38794
993350 601193 868994
941015 32304 138444
17637 530737 873346
879829 575204 577069
283415 984266 609255
807366 633637 899283
786416 565923 31438
580825 561577 139364
349246 16588 977336
404003 384137 293482
929410 864754 129618
207694 192126 135150
146406 119677 808199
76486 682135 244191
494243 319911 337454
517168 724231 181678
402428 1530 505420
729260 690451 465204
329058 772580 642750
164346 859818 500518
631222 388564 910496
388884 883604 851816
435461 19385 455279
950292 992610 238251
557701 984628 428520
707453 655618 43697
309565 795274 504889
804750 38143 659782
409708 733868 583911
894666 515195 928624
190272 572939 754502
406773 448604 310516
850330 303323 331139
16283 592551 379122
865149 582872 663814
166453 197293 289652
654946 142053 846206
690268 3049 846780
242430 97139 356765
176462 583202 696478
476064 594107 899110
900424 640399 204573
637857 270970 107570
886025 478196 41899
117406 738536 665410
940464 769283 874957
201760 174474 101407
539874 153518 693771
944822 214235 776026
343510 973477 997936
341419 481801 480373
783963 657288 370593
208119 627847 137612
55624 639698 27608
737527 775854 91368
542876 130071 672121
563557 526378 718974
51030 339758 242727
952770 809064 727916
73391 310326 823462
567643 464912 477786
760220 454937 798652
886980 515841 29653
272406 390442 875123
71689 65314 463207
262879 362614 46690
26331 418923 512136
7483 135994 386320
54003 751891 405734
670255 58286 96862
695445 977034 894205
873714 944772 418299
928178 197531 324406
920050 621693 957290
706222 880593 300968
869063 439510 688985
523196 597508 296662
76800 88179 900203
947514 702921 440263
965593 374969 144869
606814 109868 413579
302943 555943 641993
996635 263622 648056
430039 523203 163723
886463 121877 170368
372014 144394 338775
777929 990128 168698
562583 605359 992717
248572 528587 36696
322265 859513 901400
674244 926937 230432
86552 84373 823164
811842 537234 550783
966195 985813 233531
931835 971303 283135
232916 438795 206095
663913 831712 845197
230263 306980 373588
656492 818199 696481
921766 595202 824791
127842 485754 491806
785151 390546 72773
90839 156578 877241
429130 554263 259375
220375 986310 169449
338567 545977 7380
801878 994521 296888
741998 558631 155567
996207 952930 554604
563145 428165 954968
756484 756709 147857
574151 80190 574152
329714 405604 122934
578842 398679 87458
432778 525957 927644
634233 428689 369675
73235 628395 344360
7449 564424 821691
729065 101152 306767
110416 232811 211751
810491 524237 212344
256069 185146 431406
682773 215380 445225
697694 382121 236076
620130 154376 449956
361626 612359 77102
492445 928071 633127
14286 423006 198265
484077 718643 7282
963103 734986 164951
919075 878936 588556
122147 942421 597208
599119 753798 698618
468765 238347 300727
417348 866292 884537
454289 124488 474778
270468 424467 304592
603644 657406 734122
580705 654616 310609
339838 902551 662361
737089 364663 445107
266397 700625 357090
797024 886088 113585
512132 578325 231304
412858 799043 727508
781551 875659 126266
329758 808112 718739
453308 979022 967413
520214 84292 36040
459946 117718 119806
599967 370535 597747
432607 515536 265167
369804 800615 373027
248868 713593 7530
703270 872651 341241
237767 653037 950274
918260 659451 552315
154155 385825 466240
683665 922625 567932
679031 169163 951766
435931 261796 695157
814032 600911 879023
494819 845804 78754
660007 509806 204900
777266 988606 731046
66490 563906 884662
947821 263889 923260
849362 415524 922379
667708 469339 353316
258655 669030 803845
186108 883212 523774
432125 457383 532754
93917 335983 407665
361247 662415 523028
666779 891405 494698
124350 796687 939105
262021 807793 303484
202253 593253 206306
705643 414810 955812
741230 839667 557009
975288 419440 113609
818191 430984 758529
47214 903762 1860
700606 3081 49205
627450 746772 788785
169867 562989 251848
172450 869095 414928
779600 683276 666870
164956 932324 517252
670415 532569 887125
769964 649037 826301
753873 427151 744040
699013 346909 799492
322417 115204 876706
339326 404769 973197
963050 131861 406995
31558 162729 716824
396663 102091 972238
48579 362756 521224
463076 669614 484542
992011 809180 69839
278138 59495 980244
833581 79304 907932
326205 648499 234844
546630 98773 754273
924030 982702 135669
87297 190838 65218
534325 993382 581808
17058 82302 822835
7620 444691 534151
808348 25798 687805
787502 481120 627851
826184 667429 688898
81260 999770 379145
683758 943279 990407
760466 495831 554036
493940 80295 761236
430025 180245 723554
198232 579985 820383
416710 748277 531327
221279 926266 536917
305284 946465 958764
164645 905643 713491
795338 958814 320079
284802 318391 35637
101334 776536 189104
598580 334608 961812
296955 158460 770664
60266 939371 320118
253701 486191 955898
621617 274637 750353
753681 656835 960112
900226 414015 425588
939362 391981 917081
834604 998817 171686
793197 723804 52349
452148 722376 265387
252047 352246 44314
767336 875512 698723
160735 390873 90595
996022 799956 704190
987465 71419 79327
415999 985021 96561
594851 29257 150983
759778 874806 921326
132711 814938 312697
498217 426470 632778
629190 689065 110744
629442 86360 482650
874071 280657 784226
849722 904284 673356
157342 850865 561721
346553 573628 759658
390612 615373 795423
887483 358484 774841
185997 314939 983797
588110 297136 461359
116297 847680 105934
573429 540438 725200
189846 554979 926382
484347 669685 549089
345825 896365 791926
743584 560058 537281
665829 331964 499395
792579 348867 733950
859669 413474 599879
870562 520864 160788
853915 138384 821693
246956 614097 237692
685084 216422 224023
454590 93661 207635
563885 37732 18588
590103 456317 950295
52949 138482 221296
625455 884005 269640
589391 162576 195809
143992 778643 704690
460494 591410 350629
658762 900049 71514
102123 677798 491971
827729 482087 242135
150883 459665 370948
850911 627265 631234
370596 204777 764139
502882 392099 730156
715592 430380 315654
524651 884873 554268
187204 239163 324454
622976 235714 756500
676753 662802 549201
842554 191117 706360
69224 873604 108503
696515 156784 201898
485229 135309 895424
712442 402765 725233
914250 634334 432917
18076 942062 257675
439102 273989 957533
272209 43658 419825
41195 39277 926447
614589 230822 132659
28601 413642 347254
928440 971404 917944
674043 928899 710979
279648 549950 948809
846976 647262 847503
752518 761943 992964
570199 811888 904514
276617 483989 146464
72403 438789 47309
791617 973814 395620
763011 648816 734308
715346 275451 28383
148739 580778 843258
11980 354056 896050
7640 573481 700460
278508 140285 969792
242415 117891 28828
567698 651827 793471
97244 8923 48626
544609 317953 629317
36583 365536 68867
396451 595601 425715
226626 563107 377181
538869 946247 586706
676370 884563 603871
580994 782790 899826
737046 214888 75381
706806 678611 452955
609154 627975 159969
134836 446404 368751
678475 324138 592376
303368 39529 575069
200472 615658 804894
781212 633947 153705
229988 481755 136645
468788 348075 947498
42940 4644 860545
866818 904580 680564
748985 744614 101245
897222 499796 309115
386561 920845 540637
866841 865488 533859
554618 486791 277485
333764 823930 66186
925006 441682 525785
75415 253485 687832
917878 962831 17643
130686 67219 313243
878422 923008 629642
959759 177994 474471
563168 121142 752618
85361 398263 534606
319767 571482 827404
874879 42587 792315
502055 775653 937617
391088 154530 266064
482383 58088 239624
578391 924438 392012
912947 193166 30750
867672 484935 312617
421354 810949 319200
6562 522726 907630
902102 414135 384228
15032 391156 431316
271129 125859 808049
16957 845341 954677
766326 102833 979708
590604 34302 31570
546229 823346 720784
360088 183163 772971
210636 328467 233287
224179 443926 437663
534527 610395 156468
807308 784674 425844
429985 543456 240951
228156 89224 383091
893291 951085 247551
410984 358279 883838
991644 526609 753879
930272 460887 240054
705295 259798 257173
664173 564441 413242
895084 985905 265876
915163 460274 735953
386170 892336 376137
517646 126459 786579
402683 532220 46392
445311 546367 651348
603550 339661 393987
103903 822380 704636
723584 286630 849256
355960 645850 885349
281808 216349 102409
80421 980318 248605
982583 461271 595610
402244 968246 287213
143588 808654 134721
271787 442104 843542
46557 286759 308789
705817 767027 260519
526242 474837 350685
64992 13315 241973
401237 272733 244191
390124 325321 973158
110633 65721 842798
485752 75064 176898
278065 46458 844985
420786 161186 415070
722 451732 72670
251189 305167 608622
185233 412355 502261
136886 359187 762519
352465 673648 836794
261315 424765 241185
933173 568322 385546
862161 450984 78491
239289 716786 455907
619533 471122 870397
77552 825104 737334
392434 499511 902115
711046 111101 102079
342262 480775 510913
170350 979482 897131
129246 524763 454051
101361 935465 438025
31541 616622 642997
65120 719683 972469
228812 405908 973815
764576 675758 220733
532068 204511 716812
447486 689512 531351
113747 742735 499921
787459 969411 782263
984927 437620 657075
744919 489781 546631
50073 35995 379985
877329 347129 130094
638966 567519 711748
279380 754432 318872
987928 142819 265943
85624 572546 397949
340529 575169 18107
294993 644360 505897
507438 353962 640197
589073 146969 657465
47357 972316 430765
389195 347919 781638
586107 176328 308671
623149 974270 126617
502553 988930 48691
116495 440134 369764
576050 217388 904170
460897 255922 518498
909700 362392 812846
472231 230583 767747
768817 357580 318020
469709 417011 379240
24008 377067 607606
921436 610069 772282
855016 581797 767588
241401 299268 50935
193293 411434 118534
46742 60452 814344
800708 192074 421431
638919 726803 418783
182920 741438 10661
733478 753508 28339
133959 867450 202918
864891 76311 435878
285642 441325 274573
509607 107132 48916
557269 570513 460105
977794 324577 445742
927602 353489 201492
128506 634596 485351
454581 615131 801644
177134 419771 8641
695000 72622 371714
467739 504330 654166
541505 989572 287948
323394 359452 939224
340058 150706 891278
104261 644903 459942
161704 417960 974695
813969 907769 347771
377817 580561 37247
625419 959149 350078
591668 775026 156354
844907 811036 617671
457854 574145 629308
211456 439876 580314
904896 461502 431953
972079 463802 192534
32847 869989 760871
441104 410383 369222
837825 457847 35799
390057 87296 248266
231053 818162 493465
905924 170865 43835
216977 866201 231939
578501 277678 878855
341697 243504 39257
886635 72120 332667
132746 679352 324267
915401 700203 229381
381109 91293 488709
912057 736103 527534
186405 416146 841351
138374 857936 262310
364392 538613 263142
700250 834433 647581
483721 493766 947229
721825 779931 48530
576192 694950 22108
986150 871700 228088
955505 532103 22600
878506 552320 60466
339032 731031 421071
873042 337292 703054
186975 898681 951452
414099 182371 76661
478082 95489 121355
401967 498605 206634
879078 462435 696001
621584 107868 913341
217997 951701 195396
379937 372195 158380
946032 95507 154752
712476 4802 604930
345398 268296 824462
960303 893440 573596
655510 443014 97236
675051 627929 737231
977794 24644 880589
881529 393799 538351
725942 185113 666696
488495 229401 176560
343674 316155 360908
8361 803250 133030
76691 214703 4556
20770 159125 880559
756491 426639 896061
526171 596863 379775
49230 434337 473326
930919 857837 45764
20549 691207 491530
499859 397231 342874
510696 86597 781251
433883 974723 465461
447404 531201 83089
398928 825230 658289
498526 242621 725293
62884 489785 714039
469743 546644 692513
749397 964237 715476
517190 702782 249205
723007 439561 418052
480790 24322 682061
591726 273409 395371
540760 601098 411085
20934 952028 517558
869851 737367 135132
865510 627285 895021
372146 950521 861315
307134 949014 294977
71454 470536 17984
437561 375066 243064
813800 742087 845922
233071 54956 741417
254973 612548 713224
226837 897608 625271
642285 999829 110989
79595 478594 382124
653677 273703 901473
944457 55795 448799
648506 315689 782785
517514 211959 650809
823094 908384 912976
560609 289119 748866
966819 667557 446407
95039 879220 831971
248153 215253 906251
203178 930390 565911
133754 625846 306295
792763 194256 791495
27343 369915 745260
444324 487117 744721
328812 947352 247903
999005 250381 512097
357351 619713 4249
774551 685258 657542
410320 575489 190771
392307 478732 989524
177190 27700 875436
751441 502229 843946
600969 862621 700069
972833 926440 874141
900633 759230 705457
694684 73752 926077
441698 926343 3674
606137 842021 56444
937049 806750 951496
933963 766534 928290
912640 894342 329841
808151 676399 200568
713333 224932 306257
695144 611914 932303
122020 885690 584126
234263 691624 442060
724413 15522 517530
972169 320113 283278
198672 488263 453597
271182 561990 597061
482422 777067 126487
915190 752639 516500
630915 553954 294155
364401 80603 891285
374408 978025 352961
352878 408222 90809
665889 426278 682934
651340 885851 369410
872471 395774 455329
109389 604728 895329
271818 491808 58186
462529 470741 677049
556042 490979 342972
598452 477013 421440
330827 556126 404458
712790 682481 84760
607153 475013 88826
683924 25876 400767
8004 903373 506967
379649 698908 176614
725655 722261 645888
423159 405451 443376
98133 411170 104691
246570 118603 952022
901554 254929 465786
63002 879043 168624
625698 169591 973237
268147 551852 110002
845885 607825 908335
292227 243148 537179
390357 300771 785988
356393 555447 582311
573015 306499 500497
394547 596238 332927
156155 201936 744914
835937 390800 132692
134271 735826 677224
79223 860644 934536
602293 216951 354017
120631 32169 646756
772190 958936 205769
884061 937550 279378
694029 920808 923282
149115 336458 55729
569393 294562 856387
391683 570713 825493
763674 316158 45083
126372 290393 461967
409562 598854 786962
942193 573045 227297
227863 736280 611823
221611 547676 974045
376603 115268 701973
414253 122346 410328
962811 498711 261107
523762 457182 9766
256507 853613 480600
84256 416044 654393
733095 862187 216369
821005 761252 786296
184041 895267 895735
301028 162852 862160
655142 984345 648220
771723 154201 838231
433036 734387 657514
570148 20291 402161
671953 313686 821878
618335 823440 258352
2610 594140 412544
413881 837968 720247
339702 459091 676368
53460 146143 783299
644487 920997 200422
410799 751517 327982
834376 230615 509430
803984 111015 428088
8600 422873 951636
719855 376569 624649
71932 403516 616900
490948 779322 501929
874381 247419 488418
637412 992827 394588
870768 689931 269485
657029 102836 7092
951520 113140 479465
653032 109611 644675
951330 53551 299505
858356 369672 201244
31994 244514 95842
232921 207835 547025
420438 682524 497882
453330 529926 975527
470669 789338 438324
211928 885211 614346
629559 224133 782757
117433 336304 675529
75436 481116 636019
980805 111736 225145
582260 990874 648857
201644 663388 127736
491995 168937 239880
206351 549543 893374
151411 611476 662259
692183 101077 891048
422192 209346 858294
872488 591469 944148
320707 675977 649704
29359 486466 580828
68160 11281 39222
564822 142283 658201
677805 777931 745379
361638 302258 81318
368188 705434 791405
760418 968178 597523
128898 97933 816127
94480 387462 985876
309694 713122 908067
274848 724775 346721
743662 77402 813076
492135 892235 331332
39512 980610 760234
434747 313514 454551
40019 547627 374360
297841 658633 753626
622235 889702 55488
192023 46239 635077
411625 149324 992883
711885 628826 736993
11100 58938 188516
411302 134747 378597
366521 916485 135317
593652 870114 628045
853700 848235 816320
459324 602143 296039
157872 77700 313045
287294 76203 314684
39830 37731 161888
45775 508752 918646
757618 727441 181243
357155 21480 908566
570463 876242 351543
140377 754849 811732
103939 282189 625115
129713 89208 412145
493573 331744 194677
318366 496915 73783
420986 419303 814
689836 150078 685845
230537 253738 889377
940253 828128 734600
409443 929887 588234
971585 747712 91398
232661 67134 415113
903324 400412 540527
939986 445846 916064
958384 958280 111736
463296 609333 572009
594114 900858 957945
918394 723824 413398
951423 786343 775757
442278 664044 872696
176670 783908 79831
29700 227113 620223
391563 269859 369626
809489 9910 76277
23508 491482 527403
653653 161931 833140
886065 308682 796896
720467 394213 869808
860375 813522 564921
705349 317317 305957
125036 352800 790345
26860 279335 940070
156985 711954 468735
745898 348598 521407
661219 479703 880134
83379 551727 330182
101912 518937 793069
364679 845422 579927
613255 619864 676673
993664 399876 983481
733118 773145 202081
298279 984365 137553
281118 572101 144974
28345 346779 305388
328478 667546 810528
946915 61038 707278
136383 383929 17281
85337 940790 780422
73019 140678 983420
80163 865434 560872
564669 669448 625597
54060 618401 708736
399811 523042 175255
451862 712102 814638
606751 298083 148701
402224 833675 212575
133835 268605 925533
842598 500994 484263
325055 336364 441595
788674 352522 933682
289353 992612 262003
444378 3882 512432
795353 891749 541383
748458 950711 679534
344835 200220 197615
708922 415255 142451
409944 2642 314146
175467 781690 71358
103715 478600 809538
450917 542950 565915
5036 885727 252630
774067 171381 480247
697016 934129 349582
905555 22676 532087
35140 170277 819951
2496 43109 832695
939405 254435 73762
448192 497532 899932
803528 742607 252101
962696 127765 920827
985451 667116 740453
868161 181983 513410
971375 176550 291130
329273 249499 37442
400959 710142 360704
322796 905659 813258
932448 254279 587422
751874 111739 945769
651153 766933 303655
493793 653694 199409
315355 454458 502113
185376 965208 552021
263765 152083 812183
246036 819193 945258
468599 75559 870723
977466 413966 113601
906998 706237 746504
459380 374224 8227
619323 368993 50645
415029 113562 474776
256036 989173 595049
283414 504260 834901
853877 773068 213259
776642 641744 157362
142302 289927 489349
781575 112597 431102
897518 747749 172162
910232 462728 100666
345916 237352 822608
567778 432465 196890
821261 383203 888510
950926 840023 292042
254200 532403 674189
107660 971283 843842
992760 801953 41010
329848 792566 567989
798769 215391 771369
156939 275187 366463
600674 276537 116766
588762 936288 726539
136671 864357 186577
339954 886564 42335
737399 384819 299072
137459 469374 439430
207960 461522 530717
535330 934231 710152
655037 435537 493372
505503 35334 522343
541075 178127 586381
418662 941390 426568
371072 916055 924716
970266 643438 20249
967030 326818 295882
169876 679447 81361
73674 696415 110917
216915 502655 356675
982184 610225 455808
332601 428921 417876
229043 820966 472174
569688 924065 785472
948364 656088 630263
763356 371611 625708
430090 942691 557651
682187 82865 306413
510875 429956 858286
644433 870136 735887
416114 482747 961502
987379 843773 147766
335478 524726 669969
639037 983169 336349
181042 292810 434734
325495 267884 380011
88086 195574 894753
947359 44328 608185
913893 992839 253188
8483 472453 498529
74883 62788 999668
744357 970438 274620
315508 552208 238397
511435 349228 23424
397338 800085 239946
467432 923567 517658
231656 275718 144891
330486 586570 795701
150879 2874 227776
543393 852617 998396
370414 253878 264021
459122 107623 37816
842824 19606 639462
292208 534087 311305
533402 667742 838792
88651 704814 711922
439046 539592 400196
245037 514188 990341
333255 572358 742147
517752 680818 657157
545424 504710 621527
518356 557969 610729
645195 165228 616421
794012 528225 506490
993272 70664 340747
453753 894562 735827
366188 285391 288697
158074 808901 89241
577798 667685 222571
710631 685442 937319
287584 537637 692587
133116 214612 132914
428784 203024 703526
855164 964277 911349
274435 796854 763099
447337 409513 861914
805533 243902 819854
990202 289573 580703
604532 382565 824083
757938 562082 832133
658467 172262 35559
380086 101634 273227
748832 892097 718049
260626 299369 301053
796362 47877 788546
992344 179544 426325
216906 318223 780795
60159 918351 957776
394613 791402 739428
392810 331920 828247
146853 712221 693618
51037 131099 6260
557054 378128 525901
515209 833207 271690
417952 929161 76933
233296 959176 291309
630766 13750 798890
286054 713903 478432
446694 852785 131038
700504 955832 500965
613775 895033 990404
148947 423190 205023
889362 886229 598549
844797 696622 948658
595393 200869 15748
654489 323936 871386
74654 961008 761277
9167 389491 609685
458209 728297 218368
135143 87489 747266
556932 581017 226030
884935 215925 406248
593952 246057 118156
355085 476826 134063
51847 226256 240518
969685 93369 839933
138683 291203 233734
33008 851460 779738
196797 599800 44487
39837 389434 50473
924254 99196 231533
799552 719562 416399
499661 769988 500394
889384 806841 78342
851499 391694 697594
177900 767597 267901
254046 127443 383988
108507 610077 511437
457123 718705 255332
622485 22678 134606
8522 569867 528561
341110 360939 226112
259075 822369 396037
499554 79258 279701
107313 20940 41936
923993 754022 868864
917437 821521 675542
648004 560112 620148
332068 563464 352273
958228 65660 29232
750098 40416 606353
925738 69034 158985
623032 993576 721521
121913 853390 986499
634179 718120 195268
922381 375095 6101
363034 388006 980286
890092 740803 571829
310678 2965 880789
13455 592375 672167
138685 805656 219139
667912 940005 271692
232650 515688 749598
706968 2110 23285
253797 728262 637941
131997 246597 352512
507708 546885 343901
216319 541885 353628
521728 596797 321843
499513 29853 427237
338413 448324 304685
932459 619856 148100
106445 923138 778252
873637 644213 701577
667489 800363 546464
947172 874921 882108
362183 772719 646698
136771 49884 113863
205777 510409 889444
239497 53812 486186
266427 443656 703940
416612 236931 408979
588833 731920 511469
343174 794354 630974
234070 689207 221872
26884 927342 292744
136052 406470 639734
603128 258620 252425
583913 886387 128343
758136 387363 55103
923631 771515 906140
505826 830001 495334
937024 758880 805098
606368 177009 290469
344265 842782 532217
386892 58395 928777
79028 292884 321746
591081 249641 63641
208003 26842 390716
111678 968598 418080
861865 393708 346215
365231 707344 722160
100845 384518 814689
523963 315359 531512
125439 745512 461535
689565 506067 747309
775680 273977 387537
879612 453399 484652
691590 380571 145829
826856 890183 189513
739837 853564 455368
906129 848121 387848
730488 237846 857732
958302 684825 309502
182303 856808 670206
577929 546131 847826
730831 996861 7170
716652 803954 165614
113795 54486 603410
25613 93539 167373
635654 872058 225150
937077 727895 838734
587436 676836 595689
868631 426880 679833
585983 527219 653219
318759 552056 815373
220375 615128 782069
399812 236967 856073
556251 801998 239610
659128 166593 857509
424564 256215 762930
955425 641545 708953
858236 348727 976324
355417 915918 897167
336980 719735 286061
222820 267696 956623
88686 960603 994650
557524 358854 469707
828662 229961 902635
240357 188639 594616
207327 850880 265322
940513 341810 896678
746936 822002 269675
790330 259332 438349
848487 697941 317588
315148 289818 30867
822068 689648 903789
825541 929721 179721
9261 90031 908159
899430 275400 691330
240890 73307 702758
298428 142427 511120
181697 551446 35612
48016 133970 926146
550906 302233 292853
323065 99580 694051
402990 846822 994848
729891 105004 88263
417475 32855 430061
856660 19653 504803
793888 517614 92955
720885 918801 53669
259727 291144 850014
492939 642861 415464
840911 444400 874136
284950 818564 702027
785156 297700 669628
853520 496995 615445
457144 420835 189232
257968 145149 218574
822010 364301 521599
648471 837365 964798
793191 633298 451420
8524 847844 817480
26791 544118 144910
528172 246492 774666
274085 675600 984727
716475 331973 547229
598598 845665 46360
184652 515704 5412
865956 614084 677683
711601 765382 434495
690172 301306 830924
133885 139506 573463
16290 802274 929271
182919 840556 879255
292957 131962 735152
195196 976194 812216
457410 707998 648970
489772 662294 134369
413167 751253 658808
941583 886369 201257
419395 840267 290989
135979 773283 184131
55415 590428 569192
68330 256856 909310
23253 694135 161650
774982 483462 592707
653498 663374 525335
632575 460909 542221
629601 979871 847894
958193 923857 143024
84652 634345 89064
758856 17210 914021
260537 169419 279032
913883 395022 479027
556358 470890 25457
105174 644872 876714
231241 743663 432587
693791 769725 106214
912063 709114 57215
582067 600856 658193
407288 192286 139949
913254 14377 614926
151969 234520 336891
501872 399264 604919
319385 856531 708911
719947 838450 10469
127221 22300 440735
536715 611789 496797
110065 261280 438041
677890 441701 760169
358924 404199 990650
99848 596842 808800
797947 966862 95644
484901 379370 841821
597832 639632 415328
549978 474524 399353
255336 652153 817017
317374 352103 965126
206535 170226 81432
225744 268820 746909
673714 14337 538283
426511 755768 81344
662798 807808 776719
363097 408810 770401
348533 145738 229523
816730 109266 473890
922038 31851 124760
117027 888088 869222
814601 979671 172429
115086 863285 795885
530704 176625 596036
624446 495293 391321
621746 514225 509443
731897 459765 863311
417757 57520 743118
456422 42258 405086
942383 344287 555125
468689 171080 377397
933838 939549 37364
807994 968525 478288
344082 271614 564421
406162 877683 176512
111784 803392 193874
983752 824267 919004
896642 533165 325506
115390 143760 839403
49507 371219 331983
734050 777632 470147
942485 577337 995564
907197 583219 899775
144803 596682 350870
584063 565425 796071
624944 62105 789804
624381 171872 82320
529157 762441 109857
375227 46037 945792
304743 304808 591569
749943 782756 228982
917736 500686 409141
343442 992274 871819
136958 831237 196220
469212 321175 394729
100989 444688 723588
557349 603649 25556
600842 768426 772802
10036 524053 198757
292197 540987 523891
997042 420060 644521
13603 301526 695394
428828 934426 77312
21425 497480 154354
753669 880439 691422
34812 268816 797364
652939 935801 177784
451765 499973 814223
963514 1817 716152
464370 428123 883911
148402 986671 684010
139334 594947 627754
740434 1444 559101
173280 214903 366432
444746 165948 558084
946862 430085 385204
119469 428752 91117
805184 320590 551373
104962 961887 405983
552335 100243 58226
210343 557957 80807
168841 366207 983913
525927 951730 261077
360983 800099 400013
711096 137298 206337
283224 434854 21469
143588 269402 399535
685327 824828 298408
181147 780526 182015
942719 561175 916025
913985 990232 313399
977835 463359 556970
178766 802268 865815
876302 834039 148465
505019 598843 851298
662267 312810 167213
488636 772950 690701
752662 121979 4938
417845 397332 2495
387408 137063 728661
72247 336330 991142
199503 538 632661
817043 860547 37778
678145 814751 972880
417457 424893 329753
696424 589408 760378
494818 369469 676321
722033 490597 702691
649368 468544 680264
356904 533637 857195
77971 834725 39968
253047 625134 81070
272770 62568 872458
633009 149938 848763
22504 880010 556936
996272 482951 848544
130069 884885 144274
452734 199182 399321
994205 544122 867664
700061 361642 858459
969546 349008 795843
832904 865475 38373
208884 761436 53294
22325 231316 955533
218188 651962 848308
471114 33194 193002
357022 953950 95690
